ultimateORFS8326,234,235
ultimateORFS10990,148,156,157,81
ultimateORFS19084,160,94,95,96,97,98
ultimateORFS16038,160,161,229
ultimateORFS11797,331
ultimateORFS7634,144
ultimateORFS14111,1477
ultimateORFS4711,382,383,384,397
ultimateORFS15969,1165,1166,1167,1168
ultimateORFS2425,1001,1002,1003,692,693,997
ultimateORFS7702,1061,1062,1063,1064,1073,1074,1125,1126,1152,1153,1562,1563,1564,1575
ultimateORFS4285,160,161,162,163
ultimateORFS12792,288,289,291,297,298,626,627,776,787,788
ultimateORFS5411,430,431,434,435
ultimateORFS1636,547
ultimateORFS13607,325,326,347,348,349
ultimateORFS19480,226,227,228,229
ultimateORFS19735,1271,143,144,145,146,147,1495,1496,1497,1731,1732,194,2052,2054,2163,2164,734
ultimateORFS8570,307,308,309
ultimateORFS1062,356,357,358
ultimateORFS10968,187
ultimateORFS6318,189
ultimateORFS12019,338,339,605,607,608,609,610
ultimateORFS10632,294,295,296,322,323,364,381,382,383,384
ultimateORFS13615,187,188,212,213,214,215
ultimateORFS2290,470,471
ultimateORFS19851,202,203,204
ultimateORFS8467,100,101,98,99
ultimateORFS17888,199,214,215
ultimateORFS4705,1160
ultimateORFS16781,100,101,102,103,104
ultimateORFS18303,206,207,209,210
ultimateORFS7633,1297,768,908,909,912,924,925
ultimateORFS12750,258,259
ultimateORFS2800,214,215,233
ultimateORFS3244,194,195,196,197,263
ultimateORFS15652,205,208
ultimateORFS9346,229
ultimateORFS19220,174,176,177
ultimateORFS19873,110,111,112,113
ultimateORFS10614,91,92,93,94
ultimateORFS8749,217
ultimateORFS6257,182,183,184
ultimateORFS16349,466
ultimateORFS4696,252,253,809
ultimateORFS14121,151,152,153,154
ultimateORFS2770,198,224,225,227,272,274
ultimateORFS18981,547
ultimateORFS3386,482,483,485,486,685
ultimateORFS10583,285
ultimateORFS8651,405,406
ultimateORFS12761,340,341,342,98,99
ultimateORFS15709,377,379,380
ultimateORFS5066,655,656
ultimateORFS8972,969
ultimateORFS11048,173,174,175,176
ultimateORFS12923,105,106
ultimateORFS13984,125
ultimateORFS7098,485
ultimateORFS19044,1654,1905,1906,1907
ultimateORFS8404,292,516
ultimateORFS13949,374,375,695
ultimateORFS12915,133,134,135
ultimateORFS6601,570,571
ultimateORFS10220,171,172
ultimateORFS5002,3678,3679,3680,3734,3735,3763,3766,3791,3792,3804,3805,3806,3866
ultimateORFS7103,372,376,382
ultimateORFS19417,1357,1358,1359,1833,1834,1836,1837,1838,2024,2025,2026,240,241
ultimateORFS18920,301,302
ultimateORFS9056,115,333,334,335,336,337
ultimateORFS2157,498
ultimateORFS9358,492
ultimateORFS12764,1360,1361,1362,398,399,400,401,517,518,566,567,703,915,916,917,918
ultimateORFS6007,279
ultimateORFS7786,633,634,635
ultimateORFS10737,388
ultimateORFS6090,212,213,214,468,472,473,477,478
ultimateORFS16040,947,962,963,965
ultimateORFS3467,765,766,767
ultimateORFS5180,336
ultimateORFS6482,147,154,155,156,162,163,164,165,166,230,231,232,515,617
ultimateORFS15458,128
ultimateORFS7443,1152,1153
ultimateORFS6022,287,288
ultimateORFS16469,181,183,184
ultimateORFS12781,636,637
ultimateORFS5058,88,89
ultimateORFS16141,601,602,605,669
ultimateORFS19794,286,287,308,309,310
ultimateORFS1795,688
ultimateORFS13480,375,376
ultimateORFS2723,872,873
ultimateORFS6103,154
ultimateORFS13958,345,346,347,504,505,506,613,614,615,616,617
ultimateORFS1649,1192,1193,582,583
ultimateORFS8765,264,265
ultimateORFS12829,281
ultimateORFS12889,229
ultimateORFS9191,1958,1959,1960,1961,1962,207,208,2312,2435
ultimateORFS3424,663,672,673,730,763
ultimateORFS9125,460,463
ultimateORFS2742,1069,1250
ultimateORFS6309,918,919,920
ultimateORFS9318,243,244,245,447,448
ultimateORFS1854,525,578
ultimateORFS18758,323,324,325,326
ultimateORFS8246,905,906,907,908
ultimateORFS4835,610,612
ultimateORFS1622,482,902,903
ultimateORFS9152,139,141,213,214,215,263,264
ultimateORFS8676,180,233,234,235,236,237,238
ultimateORFS16633,337,338,339,341
ultimateORFS19811,566,567,568,569
ultimateORFS6676,1094,1095,1098
ultimateORFS9169,652,653,654,655
ultimateORFS3837,334,335
ultimateORFS1061,642,643
ultimateORFS7893,106,107
ultimateORFS10798,735,736,776,859,860
ultimateORFS19336,996,997,998
ultimateORFS16776,1961,1975,1976,1977,2517,573,574,972,976
ultimateORFS5214,1184,1185,1186
ultimateORFS9449,621,858,859
ultimateORFS19771,202,203,204,289,290,291,292
ultimateORFS9373,864,865,866,868,869,870,874
ultimateORFS13959,572,573,574,575
ultimateORFS14073,580,581,586,587,588
ultimateORFS6758,690,691
ultimateORFS19214,559,609,610
ultimateORFS13488,159,160,161
ultimateORFS6604,1035,1036,1074,1075,1159,1168,1414,1415,549,550,633
ultimateORFS6494,214,215,283,287,288,289,290,291,292,293,294,297,321,322,323,324,325
ultimateORFS13043,931,932,933,934
ultimateORFS10379,552,553,554,566
ultimateORFS3770,349
ultimateORFS12020,284,287
ultimateORFS19643,1663,1664,1665,1666,1667
ultimateORFS17655,1186,1189,1190
ultimateORFS16554,318,319,321,322
ultimateORFS13689,259
ultimateORFS16702,69
ultimateORFS7645,124,257,258,259,260,261
ultimateORFS10500,305
ultimateORFS1078,559,560
ultimateORFS8806,424,425,428
ultimateORFS8743,995,996
ultimateORFS12741,206,207
ultimateORFS12874,587,588,589,590
ultimateORFS2561,309,310
ultimateORFS19540,341,342,360,361,362
ultimateORFS19061,254,851,852,853,932,933,934,980
ultimateORFS7608,334
ultimateORFS18567,100,101,207,208,209,210,220,221,241,790,791,792,793,92,93,94,99
ultimateORFS6463,197,201
ultimateORFS5821,2800,2801,2844,2845,2846,3432,3469
ultimateORFS4707,241,242,243
ultimateORFS16896,127,348,349,355,356,556,557,558,559
ultimateORFS16675,263,264,265,266
ultimateORFS6213,457,458,459
ultimateORFS19473,730,731,732,733,734
ultimateORFS10354,574
ultimateORFS16759,998
ultimateORFS3522,294
ultimateORFS7824,197,198
ultimateORFS2392,788
ultimateORFS16690,316,317,318
ultimateORFS11592,233,234,276,277,278,279,296,302,303,304,305,306
ultimateORFS12378,141,142,152,154
ultimateORFS10116,2146
ultimateORFS6168,341,342,343
ultimateORFS19192,502,503
ultimateORFS19571,148,149,367,409,410,490
ultimateORFS13533,94,95
ultimateORFS16224,2303,2304,2306,2307,2308
ultimateORFS4640,341
ultimateORFS2953,199
ultimateORFS2210,939
ultimateORFS12946,558
ultimateORFS4190,284,285
ultimateORFS2012,255,256,266
ultimateORFS10340,84
ultimateORFS19005,82,83
ultimateORFS13778,682,683
ultimateORFS15647,236,71,72
ultimateORFS8961,238
ultimateORFS16337,56,57,63,64,65,66,67
ultimateORFS18977,156,157,158,159
ultimateORFS2440,212
ultimateORFS6928,434,435,436
ultimateORFS12098,119,120,121,461,465,466,467,468
ultimateORFS10002,283
ultimateORFS4983,384,385,386,387
ultimateORFS16015,122
ultimateORFS2501,734
ultimateORFS18364,247
ultimateORFS18374,95,96
ultimateORFS2105,633,635,636,653
ultimateORFS4890,432,433
ultimateORFS7624,521
ultimateORFS2874,557,563
ultimateORFS19555,1305,1306,367,417,418,419,420,421,738,741,92,93,94
ultimateORFS4540,1012
ultimateORFS4887,1069,1273,1274,1275
ultimateORFS16284,689,690
ultimateORFS5365,133,134
ultimateORFS9511,511,512,513,514
ultimateORFS5927,256,257
ultimateORFS1803,125,126,127,271,272,328,562,563,564,565,566,642
ultimateORFS19250,305,532,533,534,582,583,584
ultimateORFS16380,159,199,200,201,230,231
ultimateORFS4520,945,946,947,991,992,994,995
ultimateORFS11569,396,397,402,403,404,408,503
ultimateORFS12989,1261,1262,139,1408,1409,53,54,55,552,56,57,723,724,725
ultimateORFS6196,1279,1280,1338,1339,1340,1341,1594,2838,2839,2840,3044,66,67,76,77
ultimateORFS8045,385,386,427,428
ultimateORFS7561,2008,2009,2010,2011,2053,2301
ultimateORFS19422,179,180,182,183,228,229,230,231,232,279,280,281,282,288,289,301,302,303,304,325,326,327
ultimateORFS7076,308,309,310,311
ultimateORFS17498,381
ultimateORFS19275,1191,1611,1612,1613,1614
ultimateORFS19789,181
ultimateORFS9520,1560,1561,1562,1634
ultimateORFS1191,1040,1041
ultimateORFS19652,177,178
ultimateORFS10607,321,322,323,324
ultimateORFS14556,269
ultimateORFS8693,555,615,616,617,632,633,663
ultimateORFS2207,242,649,650
ultimateORFS12345,410,411
ultimateORFS2397,1442,1444,1445,1628,784,785
ultimateORFS18539,314,315,316,318
ultimateORFS8887,472,473
ultimateORFS4719,550
ultimateORFS3070,917
ultimateORFS2226,641
ultimateORFS6255,438
ultimateORFS4425,481
ultimateORFS11211,4777,4778,4779,4780,4781
ultimateORFS3143,242,243,244,304,305,517,611
ultimateORFS16452,87,88,89,90
ultimateORFS16738,245,729,730,731,732,733
ultimateORFS15614,215
ultimateORFS7670,370,413,527,528,529,537,538,539,668,669,670,671
ultimateORFS8241,406,407,408,656,720
ultimateORFS5733,1668,1669,1670,1673
ultimateORFS8737,670,671,672,673
ultimateORFS4808,875
ultimateORFS1463,751,809,810
ultimateORFS5654,331,333
ultimateORFS9448,625,632
ultimateORFS6612,1171,1172,1189,944,945,946,948,949
ultimateORFS3091,199,200
ultimateORFS11266,1841
ultimateORFS5384,4307
ultimateORFS18726,1050,1051,1052,1053
ultimateORFS7934,223,224,387,388,389,607,610
ultimateORFS18950,149,151,152,191,51,92
ultimateORFS1650,2064
ultimateORFS15970,256,257,258,259
ultimateORFS15990,750,751
ultimateORFS8440,190,233,234,2490
ultimateORFS15327,73,74
ultimateORFS2562,368
ultimateORFS7738,559,561,611,656,657
ultimateORFS14069,409,410
ultimateORFS12913,141,142,143
ultimateORFS9776,444,445
ultimateORFS18417,1354
ultimateORFS10068,431
ultimateORFS14004,953,954,955,956
ultimateORFS13694,320,321
ultimateORFS8245,627,628,629,632,633
ultimateORFS1653,502,504,506,507,508
ultimateORFS19590,585,586,594
ultimateORFS4688,688
ultimateORFS11977,312,313
ultimateORFS5637,160
ultimateORFS7315,608,628,629,630
ultimateORFS5387,1201,819,820
ultimateORFS5640,612,613,614,615
ultimateORFS2254,581,582
ultimateORFS16364,693
ultimateORFS12907,161,210,211,212,213,214
ultimateORFS10594,180
ultimateORFS16868,536,537,538
ultimateORFS4665,397,404,405,426
ultimateORFS10033,102,103,104
ultimateORFS2966,267,268,269
ultimateORFS7903,232
ultimateORFS9378,196,197,599
ultimateORFS9365,584,585,586
ultimateORFS9274,432
ultimateORFS9416,701,746,747
ultimateORFS6186,1296,1297,1298,1438
ultimateORFS4473,571,572,884,885
ultimateORFS13035,388,436,437,513
ultimateORFS16500,746,747
ultimateORFS3306,323,324
ultimateORFS7347,1046,1055,1056,1057,1558,1559,886,887,888,889
ultimateORFS15107,552,553
ultimateORFS5402,556,557
ultimateORFS5446,128,332,333,334,335,336
ultimateORFS2266,401,402
ultimateORFS12095,753,754,755
ultimateORFS10973,688,689
ultimateORFS18412,368,369,404
ultimateORFS15948,278,279,280,281,282
ultimateORFS13994,1287,1288,1341,1342,1343,1344,188,189,190
ultimateORFS7629,1860,1906
ultimateORFS15888,349,350,351
ultimateORFS15340,238
ultimateORFS19855,103,104
ultimateORFS8131,620,621,622
ultimateORFS19371,651
ultimateORFS7067,1226
ultimateORFS13876,158,159,296,297
ultimateORFS2069,259,260,261,262
ultimateORFS16805,475
ultimateORFS5795,1156,749,750,751,892,893
ultimateORFS14007,289,290,292
ultimateORFS16791,565,566,567,568,569,602,603,604
ultimateORFS4780,1306
ultimateORFS4661,337
ultimateORFS9830,977,978
ultimateORFS8689,1037,1038,1039,1703,1704,188,189,255,256,257,277,278,279,280,281,293,295,296,297,406,407,614,658,659,712,713,714,902,911
ultimateORFS3610,322
ultimateORFS10362,221,222,225,226,234,235,236,237,243
ultimateORFS11948,697
ultimateORFS6921,805,806
ultimateORFS8043,1202,1423,2651,2652,2654,2655,2839,3003,3004,3005,3006,3007,610,611,928
ultimateORFS15104,594,595,596,597
ultimateORFS15409,935,936
ultimateORFS13547,124
ultimateORFS19364,398,399,406,407,408,409,410,452,453,454,455,473,474,475,476
ultimateORFS1049,767
ultimateORFS14736,544
ultimateORFS4316,506,507,518
ultimateORFS1956,1026,1027,506,507,508
ultimateORFS4214,761,762,808,809,810
ultimateORFS1444,114,115
ultimateORFS16445,87,88,89,93,94
ultimateORFS1438,223
ultimateORFS13521,1182,1183,1332,1334,1335,1336,1495,1671,1762,1763,1764,1765,273,292,294,295,296,573,574,575,801,802,803,804,805,806,807,884,885,886,908
ultimateORFS2885,1064,1065,1066,954,955,956
ultimateORFS6610,1301,1302,1303,1628,1629
ultimateORFS15324,301,302
ultimateORFS11020,185,685,686,687
ultimateORFS19721,118,119,120,121,190,191
ultimateORFS3425,946
ultimateORFS9382,645,647
ultimateORFS16201,355,356,357,360,361
ultimateORFS19088,1061,1062,1063
ultimateORFS10884,730,731,732
ultimateORFS19059,443,444,445,446
ultimateORFS4531,318,451,452
ultimateORFS13880,290,291,545,852,853,856
ultimateORFS1984,433,457,458,962
ultimateORFS6867,403,404
ultimateORFS7148,1003
ultimateORFS15898,184,190,648,649
ultimateORFS15315,1567,2159,2160,2161,2164,2165,374,375,426,525,526,527,528,553,554,555,556,557,745,817
ultimateORFS5032,224,225
ultimateORFS1777,215
ultimateORFS11831,430,434,449,456,457,458,459,674
ultimateORFS15924,445
ultimateORFS2863,1025,1026,2163,2164,418,419
ultimateORFS6125,285,286
ultimateORFS4432,2062
ultimateORFS16493,175,176,177,178
ultimateORFS8302,518,519,520,521,570
ultimateORFS2474,2140
ultimateORFS2277,630
ultimateORFS10301,150,151,152
ultimateORFS8292,513,516,517
ultimateORFS2772,1045,1275
ultimateORFS11038,283,507,508,509,567,568,569,570,571,635,636,637
ultimateORFS15348,347,348,349,350
ultimateORFS12000,56,57
ultimateORFS16908,805,841,842,843
ultimateORFS6619,250,480
ultimateORFS2696,157,158,159
ultimateORFS10351,622,623,624
ultimateORFS1131,616,617
ultimateORFS12834,222,223,224,225
ultimateORFS12340,649,653
ultimateORFS5682,59
ultimateORFS15957,360
ultimateORFS5019,1094,1095,2649,2650,3164,3165,3166
ultimateORFS1700,428,472
ultimateORFS8769,1386,1387,1416,1417,1419
ultimateORFS13773,749,750,752,753,754
ultimateORFS6039,437,438,441,442,443
ultimateORFS16641,225
ultimateORFS6734,744,745,746,964
ultimateORFS7698,715,716
ultimateORFS5452,588
ultimateORFS7469,529
ultimateORFS14776,401,402
ultimateORFS10600,367,368,369,370,676,860
ultimateORFS16830,266,267,268,269,270
ultimateORFS13993,218,219,3099,936,937,938,939
ultimateORFS9136,960,962,963
ultimateORFS9607,311,312,313
ultimateORFS3200,253,254,255,953,954,955,956,957
ultimateORFS13871,131
ultimateORFS18881,390
ultimateORFS16766,337,338,339,340
ultimateORFS11851,337
ultimateORFS9376,184,185
ultimateORFS5073,432,433,618,622
ultimateORFS18449,385,395,396,397,398
ultimateORFS10344,711,713,714,715,716,721
ultimateORFS15208,53
ultimateORFS5005,648,649,650,827,828,829
ultimateORFS6104,1931,1932
ultimateORFS16423,400,401,402
ultimateORFS5536,305,306,307,316
ultimateORFS11067,470,471,472,473,474
ultimateORFS15385,810,811,812,832
ultimateORFS12090,298,299,300,337,415,416,451,452
ultimateORFS2963,79,80,81,82,83
ultimateORFS19086,1432,1433,1434,1444,1445,214,215,241
ultimateORFS9749,369,371,557
ultimateORFS12744,207,208,209,210
ultimateORFS15974,1067,1068,1069,1070
ultimateORFS9477,491,492,505,506,554,555
ultimateORFS4079,290,291,292
ultimateORFS12150,574
ultimateORFS14122,483,484,485,640,641,642,643,763,764
ultimateORFS5141,131,132,133,134,135
ultimateORFS1256,729
ultimateORFS18556,219,220,221,272,273
ultimateORFS5770,401,402,403,404
ultimateORFS1486,289
ultimateORFS15075,587,588
ultimateORFS13469,201,202
ultimateORFS2659,1158,1160,1161,1266,1345,1346,1462
ultimateORFS11830,725
ultimateORFS5499,707,708
ultimateORFS15280,178,200
ultimateORFS8994,1241,1788,2469,2470,575,576
ultimateORFS1207,1327,1328,1451,1452
ultimateORFS17557,422,423,427,791,792,793,794,795
ultimateORFS2654,182
ultimateORFS9421,881,882
ultimateORFS4620,130
ultimateORFS19145,334,337
ultimateORFS1189,411,426,636,637
ultimateORFS1874,1433,1434,609
ultimateORFS12856,224,225,226
ultimateORFS1949,621,708
ultimateORFS10878,1219,1263,1265,1266
ultimateORFS5528,451,453,454
ultimateORFS10896,541,542,543,544
ultimateORFS3548,424
ultimateORFS18317,345,346
ultimateORFS9158,314,315,316,317,318
ultimateORFS13886,163,208
ultimateORFS4777,958,981
ultimateORFS5006,1067,1068
ultimateORFS11566,408,409,444
ultimateORFS17532,304,305,306,307,308,309,310,311
ultimateORFS2070,173,174
ultimateORFS6200,2415,2416,2417
ultimateORFS19135,447,449,450,451
ultimateORFS3677,1555
ultimateORFS16909,227,228
ultimateORFS4941,126
ultimateORFS16385,548,549,550,551,584
ultimateORFS13536,314,315,316,317
ultimateORFS18035,1208,1217,1218
ultimateORFS18476,603,605,606,607
ultimateORFS11855,258,259
ultimateORFS17642,1099
ultimateORFS9572,302
ultimateORFS11547,1403,1404,1407
ultimateORFS10367,203,204,205,206,207,298,299,303,304,305
ultimateORFS4543,235,236,237
ultimateORFS2205,462,860,861,930
ultimateORFS16819,1189,1299,1300,1394,424,598,599,906,907,908,909
ultimateORFS3673,2240,2241,2242,2280,2423,2424,2425,2426
ultimateORFS6139,1528
ultimateORFS7933,299
ultimateORFS6638,1218
ultimateORFS7673,148,149,150,238,239,240,387,397,399,406,407
ultimateORFS18550,169,170,171,172,173
ultimateORFS18657,278,279,280,281
ultimateORFS5782,922,923
ultimateORFS16694,1007,1008,1009,1146,1148,1181,128,129,130,1349,1350,1351,1545,1546,1758,2011,486,487
ultimateORFS13921,652,653
ultimateORFS6569,434,435
ultimateORFS2382,1706,1796
ultimateORFS5861,437
ultimateORFS15738,98
ultimateORFS14626,1377,1378,359
ultimateORFS9929,1131,1153
ultimateORFS11822,590,591,592,593
ultimateORFS11613,545,546
ultimateORFS14553,289,290,291,292,293,350
ultimateORFS6211,432,433
ultimateORFS15954,256,257,286,287,288,289,294
ultimateORFS9441,1447,1448
ultimateORFS12524,63,64
ultimateORFS16875,1054,1055,263,264,265,452,453
ultimateORFS9347,332
ultimateORFS13034,112,113
ultimateORFS9468,273,274,275,276,277,278,279
ultimateORFS9487,549,550,551,552,601,604,605,606
ultimateORFS6304,826,827
ultimateORFS9339,281,516,517,545
ultimateORFS19181,484,496
ultimateORFS5447,2118,2123,2124,2223,2372,2373,2790,2791,2792,3001
ultimateORFS12315,213
ultimateORFS10235,254,484,485,486,487
ultimateORFS3911,581,582,583,606,607
ultimateORFS7361,125
ultimateORFS12114,436,437,439,440,441,849,850
ultimateORFS17884,268,269
ultimateORFS1354,176,177,178
ultimateORFS15931,924
ultimateORFS15716,159,160,162
ultimateORFS13600,417,418,620,623,684,685
ultimateORFS12582,273,275,276
ultimateORFS12892,185,188,189,655,656
ultimateORFS19875,267,268
ultimateORFS12113,135
ultimateORFS7341,102,103,273,303
ultimateORFS19007,51,52,53
ultimateORFS12939,155,156,244
ultimateORFS10161,337
ultimateORFS9394,236,357,358,359,360,361,362,388,389,390,402
ultimateORFS2377,744,763
ultimateORFS8601,381,382
ultimateORFS12025,327,328,329,422,423,424,425,426
ultimateORFS3336,1125,1126,859
ultimateORFS16210,573,574,575,576,593,594,595,596,597,84,85,86,87,88
ultimateORFS19549,100,112,1131,1136,1137,1138,1139,1236,1237,660,661,929,930,97,98,99
ultimateORFS6907,410
ultimateORFS12738,635,637,734
ultimateORFS9663,1378,276
ultimateORFS15626,169,171,172
ultimateORFS1983,341,342
ultimateORFS7581,203,204,205,206
ultimateORFS13955,146,147,148,149,150,463,464,465
ultimateORFS15566,239,240,241,242
ultimateORFS19670,109,110,111,112,113
ultimateORFS18746,429,487,488
ultimateORFS9173,1153,1154
ultimateORFS14783,116,117,118,119,175,176,177
ultimateORFS12110,1286,1330,1331,1332,1333
ultimateORFS15961,221,222,390,391,392,408
ultimateORFS12732,319,439,449,450,451,452
ultimateORFS11224,129
ultimateORFS6885,462,663,664,666,747,748,749,750,751
ultimateORFS18755,169,201,508,521,522,523,524
ultimateORFS4898,2201,2202
ultimateORFS10154,467,483
ultimateORFS4723,2713
ultimateORFS12919,106,107,108,109,110,271,272,273,274
ultimateORFS13770,423,424,425
ultimateORFS2256,438,439
ultimateORFS14637,201,202,203,204,205
ultimateORFS15643,381
ultimateORFS13620,241,242,243,244,281,450,451,501,502,503
ultimateORFS13019,431,432
ultimateORFS11529,628
ultimateORFS10593,1541,1542,1543
ultimateORFS6824,197,198
ultimateORFS5760,247,248,249,250,251,252,253
ultimateORFS16578,1089,1090,1091,1109,1112,1113,647,649
ultimateORFS7092,857,858,859
ultimateORFS9715,1840,1841
ultimateORFS1580,666,667,694,696,697,698,699
ultimateORFS19767,122,123,124
ultimateORFS12126,1847,1875,1876
ultimateORFS16725,233,234,295,296,93,94
ultimateORFS10963,291,292,293,294
ultimateORFS4424,685,686
ultimateORFS3079,1127,1128
ultimateORFS4997,159,160,161,162
ultimateORFS14642,72,73
ultimateORFS4646,293,294
ultimateORFS12312,129,130
ultimateORFS5625,1521,1522,1523,1571,1572
ultimateORFS13995,449,492
ultimateORFS18761,108,109,119,120,121,176,177,178,179,254,288,289,96
ultimateORFS14145,491,492
ultimateORFS19494,82
ultimateORFS15938,278
ultimateORFS4255,420,421,422
ultimateORFS15479,276
ultimateORFS13108,98
ultimateORFS1097,693
ultimateORFS5051,513,687,688,772,773,775
ultimateORFS8108,174,175,176,181,182,227
ultimateORFS16269,400,401,402,698,699,700,701,702,726,853
ultimateORFS13695,289
ultimateORFS3906,1701,1702,2117,2118
ultimateORFS3932,362
ultimateORFS19363,120,121,122,123
ultimateORFS9336,166,167
ultimateORFS18302,102,103,104,163,164,165,166,167
ultimateORFS16540,357,358,576,577,578,579
ultimateORFS5691,827,828,829,906,909,974
ultimateORFS19290,228,229,235,236,767,768,769,786,787
ultimateORFS4415,411,412
ultimateORFS5125,460,556
ultimateORFS5383,1516
ultimateORFS17470,246,247,248,501,502,518,519,520
ultimateORFS1080,766
ultimateORFS9014,1772,844,845,846
ultimateORFS13997,503
ultimateORFS2509,1866,1867
ultimateORFS6291,1276,1277,1278,1422,1423,1424,1425,1426,2544,2545,2546,2547,2548
ultimateORFS10228,348,440
ultimateORFS9459,537,538,555
ultimateORFS9822,581,582,583,584,585,586,587
ultimateORFS16030,548,549
ultimateORFS6608,91
ultimateORFS17769,439
ultimateORFS6261,285,286
ultimateORFS16047,226,227
ultimateORFS13980,425,426,427
ultimateORFS7621,282,283,284,323,324,325,326,329
ultimateORFS8505,110
ultimateORFS13700,251
ultimateORFS13564,146,147,150,151
ultimateORFS8424,372,373,374
ultimateORFS1752,342,389,395
ultimateORFS17694,2355,2356,2357
ultimateORFS12062,1164,1165
ultimateORFS12303,100
ultimateORFS7876,197,200,201,89,90,91
ultimateORFS10210,145,146,344
ultimateORFS8032,565
ultimateORFS12300,97
ultimateORFS9788,197
ultimateORFS1806,622
ultimateORFS3426,1448,1449,1450,1451,503,504,505,636,637,675
ultimateORFS16059,508,509,510
ultimateORFS7377,230,231,232,233,234
ultimateORFS16060,351,352,353
ultimateORFS18851,233,332,334,336,425,426
ultimateORFS8768,177,178,179,180
ultimateORFS14031,332,333
ultimateORFS10533,245,246
ultimateORFS2276,183,184
ultimateORFS13790,681,682,716,717,718,725
ultimateORFS16640,290,291,292
ultimateORFS11058,169,170,171,172
ultimateORFS9259,312,313,314
ultimateORFS15712,128,136,137,138,139
ultimateORFS15111,949,950,953,954,963,964,965,966
ultimateORFS4468,378,379,380,381
ultimateORFS16075,221,222,223,271,272,273
ultimateORFS1966,490,491
ultimateORFS6215,276,277,307,388,389,392,393,493
ultimateORFS3923,1408
ultimateORFS3284,406,408,417,432,439
ultimateORFS4687,178,179,180
ultimateORFS16588,214
ultimateORFS3873,352
ultimateORFS3590,792
ultimateORFS13633,227,228,230
ultimateORFS8294,397,398,402,403,578,579,684,685
ultimateORFS3773,1111,1112,1119
ultimateORFS2396,569,570
ultimateORFS8314,715,716,734
ultimateORFS16118,499,500,501,61,62,63
ultimateORFS5745,382,383,384
ultimateORFS4690,216,226
ultimateORFS12911,624,855,856,857,865
ultimateORFS12930,597,806
ultimateORFS10276,151
ultimateORFS16782,247,248
ultimateORFS17936,1251
ultimateORFS3344,921,927,928
ultimateORFS3608,385,386
ultimateORFS11215,445,446,447,451
ultimateORFS10012,121,122,90
ultimateORFS2121,486
ultimateORFS6053,546
ultimateORFS19235,115,116,117,118,136
ultimateORFS3791,248,249
ultimateORFS8599,488,489,490
ultimateORFS14072,1055,1458,1459,146,1460,1461,147,148,149,409,413
ultimateORFS8523,283,284,285,624,635,636,637,724,725,726,795
ultimateORFS5191,544,545,546,693,694
ultimateORFS5031,1156
ultimateORFS19405,155,156,157
ultimateORFS1659,348
ultimateORFS18183,284,285,286
ultimateORFS3033,379,380,381
ultimateORFS2289,103
ultimateORFS16361,1109,1157,1158
ultimateORFS18056,232,233,234,235
ultimateORFS19109,251,252,253,269,302
ultimateORFS4154,686,687
ultimateORFS16345,615,616,617,618,619
ultimateORFS10133,100,101,114
ultimateORFS1181,338,340,358,360
ultimateORFS9375,101
ultimateORFS5426,398,818,819,820
ultimateORFS16174,139,140
ultimateORFS16449,509,510
ultimateORFS4652,1164,1165,1166,1167,1168
ultimateORFS5823,701,832,836,837,867,868,869
ultimateORFS6722,1232
ultimateORFS9289,216,217
ultimateORFS3893,751,752
ultimateORFS19713,267
ultimateORFS7465,482,483,696,697,698
ultimateORFS6615,1966,1967,2149,2151,2154,2490,2494,2501
ultimateORFS8276,630,659
ultimateORFS5054,175,176
ultimateORFS12117,481,482,483,484,485,506,507
ultimateORFS2918,601,608,630,632,678
ultimateORFS5764,156
ultimateORFS6243,724
ultimateORFS6156,1042,1043,1044,1045,1046
ultimateORFS4421,125,126,129
ultimateORFS16153,143,144,145
ultimateORFS12875,125,359,360,361,362,520,521,522,523
ultimateORFS14635,200,286,292
ultimateORFS16842,1810,1813,1814,1815
ultimateORFS10071,513,514,639,640,641,642,664,665,704
ultimateORFS16739,1757,1758,1949,1950,2587,2588,2779,2809,2810,2811,2812
ultimateORFS2536,171
ultimateORFS12347,69,70,71,72,80
ultimateORFS19457,59,60,61
ultimateORFS14654,105,106,107,149,150,155,156,532,533,96,97,98,99
ultimateORFS19614,1375,781,87,88,89
ultimateORFS3049,327,645,646
ultimateORFS6284,1578,1579,1580
ultimateORFS8248,277,278,279,280,286,287
ultimateORFS9323,387,388,389
ultimateORFS9452,1109,1428,1429,1450,1595,1597,1598,1599,1602,1655,1709,1710,1782,1783,1784,1785,1786,232,770,776,777,943,944,945
ultimateORFS13865,639
ultimateORFS16218,183,184,214
ultimateORFS15840,266,267,268,269
ultimateORFS5552,298
ultimateORFS15904,121
ultimateORFS12368,328,329,330,340,70,71
ultimateORFS12399,104,105,106,107,108,194,195,221,222
ultimateORFS2442,1781,1784,1785,1786
ultimateORFS11212,149
ultimateORFS16372,379
ultimateORFS15422,389
ultimateORFS18507,412,415,571,572,573,574
ultimateORFS1359,582
ultimateORFS6666,417
ultimateORFS3016,464,465,466
ultimateORFS3607,1588,1589
ultimateORFS8079,421,422
ultimateORFS16242,267,268,269,270
ultimateORFS18922,538
ultimateORFS18399,299,300,301,302,303
ultimateORFS19707,349
ultimateORFS19332,1274,1275,1276,581,582,583,584,585
ultimateORFS2427,280,283
ultimateORFS16709,82,84
ultimateORFS16213,299,300,301,302,303
ultimateORFS4281,337,338,340,341
ultimateORFS16763,3603,3604,3605
ultimateORFS3354,654,655,656,657
ultimateORFS4992,1357
ultimateORFS8160,660,942,943,944
ultimateORFS4172,1065
ultimateORFS19611,229,244,245,246,249
ultimateORFS12783,151,152,469,470,497,498
ultimateORFS9500,523,524,525,526
ultimateORFS12309,211,212
ultimateORFS1938,1960,1964
ultimateORFS11975,116,516,517
ultimateORFS9954,599,600
ultimateORFS5043,881,883,887,888
ultimateORFS12713,190,191
ultimateORFS13903,337,338,339,340,341
ultimateORFS13939,523,784,785,786,787
ultimateORFS13935,284,285,286,287,288,289
ultimateORFS16105,92,93,96,97,98,99
ultimateORFS6822,355
ultimateORFS16710,185
ultimateORFS1957,368
ultimateORFS4412,324,325,326
ultimateORFS18395,240,309,310
ultimateORFS16425,407,408,471,472,473
ultimateORFS9353,783
ultimateORFS19501,145,146,147,148,149
ultimateORFS6631,494,495,496,500,534,535,536
ultimateORFS3043,352
ultimateORFS9187,375,376
ultimateORFS5062,2377
ultimateORFS19402,228,229,230,231
ultimateORFS10266,321,338
ultimateORFS9307,108,82
ultimateORFS16727,71,72
ultimateORFS17534,66,67,68,69,70,73
ultimateORFS5172,771,832
ultimateORFS1905,477,478
ultimateORFS6321,1093,1099,1102,648
ultimateORFS8701,157,158,277,279,330
ultimateORFS14126,222,223,224
ultimateORFS16689,737
ultimateORFS5838,197,198
ultimateORFS4582,276,277,278
ultimateORFS18548,630,631,632,633
ultimateORFS16642,133,134
ultimateORFS14790,108
ultimateORFS5121,477,478
ultimateORFS3219,169,171
ultimateORFS19114,311,312
ultimateORFS16880,255,256,257,258,260,342,343,344,345,346,380
ultimateORFS12720,244,245,254,255,256,257,258,260
ultimateORFS18368,102,103,104
ultimateORFS12091,286,90,91
ultimateORFS15354,491,492
ultimateORFS18715,385
ultimateORFS5432,164
ultimateORFS19828,182,196,197,82,83,84,85
ultimateORFS17518,175,177,178,179,186,187,188
ultimateORFS8663,358,359
ultimateORFS12981,108,109
ultimateORFS6475,633,634,820
ultimateORFS16164,135,136
ultimateORFS18749,107,108,165,166,167,295,296,297,298,404,405,406,407,452,453,460,461,498,499,500,501,781,782,848,849,854,859,860,861
ultimateORFS3393,259
ultimateORFS18765,759,760,761,762,763,895,896,897,898,899
ultimateORFS6294,278
ultimateORFS5650,379
ultimateORFS8497,583,590
ultimateORFS2936,407
ultimateORFS16806,464
ultimateORFS7979,365
ultimateORFS7669,555,560,561
ultimateORFS13787,150,151,152,153,161,162
ultimateORFS3756,714,715,716,721,722,724,725
ultimateORFS10261,232
ultimateORFS16638,296,297,307,308
ultimateORFS3599,572
ultimateORFS9505,550
ultimateORFS4737,233,234,235,236,238,239,240
ultimateORFS6895,432,433
ultimateORFS15494,254
ultimateORFS14724,614,615,616,649,650,651,652,653
ultimateORFS6877,501,502
ultimateORFS13388,82,83,84,85
ultimateORFS10109,400
ultimateORFS18053,858,859,860,861,876
ultimateORFS6158,151,152,153
ultimateORFS18029,348,349,350
ultimateORFS3703,1204,695,696,698
ultimateORFS2093,403,404,405
ultimateORFS18873,280
ultimateORFS13874,216,219,220,360,361,362,363,364
ultimateORFS14599,392,393,462
ultimateORFS7524,123,124,125,126,127,420,596,597,598,599,643
ultimateORFS18756,142,143,144,145,146,304,305,306,577,578,579
ultimateORFS13234,573,574
ultimateORFS12770,61,62,63
ultimateORFS6367,421
ultimateORFS13473,228,229,230
ultimateORFS4848,144
ultimateORFS5010,579,580,623,624,625
ultimateORFS4693,156,256,257
ultimateORFS14700,84
ultimateORFS19261,323,324,325,326,342,401,402,403,404,422,423,424,425,444
ultimateORFS19783,552
ultimateORFS4018,889
ultimateORFS15442,435,436,464,508,509
ultimateORFS7355,181,182
ultimateORFS12349,704,705,884
ultimateORFS11427,353,355
ultimateORFS9116,387,388,391,394
ultimateORFS10602,1059,1060,1061,233
ultimateORFS16749,515
ultimateORFS3861,1123
ultimateORFS8352,2187,805,806,807,808,838,839,840
ultimateORFS3313,169,170
ultimateORFS12107,132,133,134,135
ultimateORFS10588,431
ultimateORFS12864,81
ultimateORFS5525,533
ultimateORFS13182,869
ultimateORFS16066,146,147,148,447
ultimateORFS16516,53,54,55
ultimateORFS1589,1173,1174
ultimateORFS19054,492,493,494,502,503,561,605,606,607,608,622,623,624,627,628,635,636,637
ultimateORFS16316,52,53
ultimateORFS16306,103,104
ultimateORFS7405,270,285
ultimateORFS5364,5733
ultimateORFS19470,255,268,269,270
ultimateORFS12039,460
ultimateORFS12140,1013,1014,1021,328,329,330,733,734,947,948,949,950
ultimateORFS13020,476,477,478,479,480
ultimateORFS4286,397,398,399
ultimateORFS7770,267
ultimateORFS19246,217,218,219,299,300,340,341,342,343,344,372,373,374,375
ultimateORFS16697,114,116,117,118,170,203,311,312,313,314,315
ultimateORFS18760,337,338,339,340
ultimateORFS16485,720,721,739,740
ultimateORFS16635,60
ultimateORFS12332,303,304
ultimateORFS16358,1336,1337,1563,1704,1705,1948,1949,1952,619,620
ultimateORFS4849,1793,1794
ultimateORFS1116,849
ultimateORFS9010,700,701
ultimateORFS15471,152,153,154,155,158
ultimateORFS19733,752,753,754,755
ultimateORFS1928,202,203
ultimateORFS12373,624
ultimateORFS5753,1510
ultimateORFS10096,1583
ultimateORFS4326,291
ultimateORFS12127,267,391,566
ultimateORFS19077,461,462,463
ultimateORFS11081,1120,1121,1122,1123,1124,273,300,301,302,303,749,750
ultimateORFS16669,93
ultimateORFS2841,1039,1040
ultimateORFS2027,339,340,347
ultimateORFS17938,1069,1692,1693,315,316,317,319
ultimateORFS18917,294,652,653,700,701,702
ultimateORFS9498,533,534
ultimateORFS12994,322
ultimateORFS19204,530,531,534
ultimateORFS11953,95
ultimateORFS7764,170
ultimateORFS18921,142,143,144,145
ultimateORFS11104,1580,1581,1582,1583
ultimateORFS5435,437
ultimateORFS19627,194,195,198,199,200
ultimateORFS16802,554,555,556,557,558,904,906
ultimateORFS8965,350,351,477,478,479,480,481,482,509,510,511,512,513
ultimateORFS2658,128,134,135
ultimateORFS16595,105,108,109,110
ultimateORFS19377,381,382,383,384,385,93,96,97
ultimateORFS7923,422,423,424,425,460,461,462,842,843,877,878,879
ultimateORFS5460,400,592
ultimateORFS3169,1271,1286,1287,1288
ultimateORFS13942,489
ultimateORFS13094,430
ultimateORFS9977,470,471,474,566,567,568
ultimateORFS7158,231,296,297,662,663,72,930,931,932,987,988,989,990,991
ultimateORFS10046,1124
ultimateORFS10234,554,558,559,560,584,585,586,587
ultimateORFS3994,400
ultimateORFS5203,401
ultimateORFS1985,257
ultimateORFS16740,325,326
ultimateORFS12016,286,301,302,303,305,306
ultimateORFS19102,327,328,329,330,331
ultimateORFS5728,218,219,220,331
ultimateORFS3397,548,549
ultimateORFS8121,129
ultimateORFS10231,2617,2618,2628,708,709,710
ultimateORFS11136,198,199,200,201
ultimateORFS11060,1174,1175,1225,1226,1227,1320,1321,1389,1390,2205,2206,2207,2208,2612,2613,2782,2783,2892,2896,2897,290,304,305,954
ultimateORFS18970,203,240,241,242,243,244
ultimateORFS1946,535,536
ultimateORFS6999,415,416,417,432
ultimateORFS9920,214,215,216,217
ultimateORFS13988,241
ultimateORFS4400,253,259,383
ultimateORFS13243,100
ultimateORFS3731,169
ultimateORFS4754,137,138,139
ultimateORFS18963,444,445,446,447,448,609,610
ultimateORFS4370,1092,679
ultimateORFS15086,123
ultimateORFS17647,310,311,312
ultimateORFS16418,361,362,363
ultimateORFS4098,276
ultimateORFS12795,118,119,120,357
ultimateORFS6626,285,287,288,290,291
ultimateORFS7358,1656,1657,1658
ultimateORFS1992,182,183,184,185,275,276,327,732
ultimateORFS9479,161,162,163,164
ultimateORFS9277,60
ultimateORFS9736,799,800,801
ultimateORFS5783,551,552,703,704,706,708
ultimateORFS12049,1271,1279,1280,1281,1498,1499,2126,2425,2427,2428,2438,2495,2496,2672,2673,343,344,348,349,524,539,585,908,909
ultimateORFS8939,615,616,617
ultimateORFS9022,655,662,663,788,789,790,885,886
ultimateORFS19171,580,844,845,846
ultimateORFS12665,389
ultimateORFS6227,863
ultimateORFS4911,62,63
ultimateORFS19604,1121,1159,1160,1161,823,824,825,826
ultimateORFS13639,247,776,777,778,779
ultimateORFS2816,199,200
ultimateORFS14855,129
ultimateORFS19656,177,178,179,180,78,79,80,81
ultimateORFS10633,69,70,71
ultimateORFS7780,1050,1051,1052,1057,1140,1141,1143,1144
ultimateORFS1085,341
ultimateORFS12941,203,275,331
ultimateORFS2010,479,480
ultimateORFS4553,394,395,396,397,406
ultimateORFS16009,249
ultimateORFS12784,155,156,157
ultimateORFS10152,2059,2288,2294,2589,2685,2686,2742
ultimateORFS2907,1153,1154,1155
ultimateORFS11150,380
ultimateORFS18365,65,79
ultimateORFS18401,102,103,104,105,106
ultimateORFS2634,418,419,535,536,537
ultimateORFS16240,1806,1807,1808
ultimateORFS16471,419,420
ultimateORFS7122,355,356,357,358
ultimateORFS13917,233,234,235,236,265,266,267,268,336,337,338
ultimateORFS12014,162
ultimateORFS6997,381,382,383,571,572,573,574,584
ultimateORFS19241,197,198,199,382,479,480,481,501,502,503
ultimateORFS3508,163,164
ultimateORFS11268,207,208,209
ultimateORFS16808,101,102,103,104
ultimateORFS2519,435
ultimateORFS1645,320,321,322,323
ultimateORFS16757,698,699,700,701,871,894,895,896
ultimateORFS14730,265,266
ultimateORFS19784,299,300,301
ultimateORFS6815,581,582
ultimateORFS13120,183,184,185,186,187
ultimateORFS2025,233,236,237
ultimateORFS16209,1617,1618,1619,2078,2662,2663
ultimateORFS13909,99
ultimateORFS16355,788
ultimateORFS2739,369,370,371
ultimateORFS19022,229,230,235,236,237,62,63,64,67,68
ultimateORFS4796,752
ultimateORFS19221,110,61,62
ultimateORFS11386,465
ultimateORFS8666,385
ultimateORFS5668,496
ultimateORFS19411,119,97,98,99
ultimateORFS19067,143,144,145,146,147
ultimateORFS19554,108,174,175,317,67,68,69,86
ultimateORFS8013,617
ultimateORFS5087,1032,1035,1504
ultimateORFS14828,156
ultimateORFS10145,288
ultimateORFS9772,662
ultimateORFS12106,1214,1215,1216,1217
ultimateORFS3723,127,145
ultimateORFS11522,767
ultimateORFS3701,309,310,311
ultimateORFS4816,1022,1056,1101,1102,295,972,973,974
ultimateORFS16706,1387,1389,1390,1391,707
ultimateORFS14593,82
ultimateORFS12253,128
ultimateORFS18959,434,435,436,470,471,472
ultimateORFS16549,398,407,408,409,410,411,419,420,421,478,479,480,481
ultimateORFS9482,1502,1566
ultimateORFS16296,1088,1089,1090,1091,1092,1205,1206,1207,1208,1252,1256,946,947,948,949,950,965,966,967,968
ultimateORFS16786,145,146,147,355,356,357,876,877,881,882,883
ultimateORFS18370,440,441
ultimateORFS11147,122,492,493,494,603
ultimateORFS6179,330
ultimateORFS16613,105,106,107,267
ultimateORFS11251,4349,4350,4351
ultimateORFS17987,358,359
ultimateORFS6597,980,981,982
ultimateORFS1323,261
ultimateORFS4240,1249,1250
ultimateORFS17585,962,963
ultimateORFS1147,389,477,478
ultimateORFS13021,348,349,350
ultimateORFS14056,344,345,346,347,477,682
ultimateORFS11213,180,181,182,199
ultimateORFS18860,308
ultimateORFS6636,145,146,147,152,153
ultimateORFS16126,277,354,355,356,357,449,450,452
ultimateORFS7108,1134,591
ultimateORFS3795,270
ultimateORFS4570,272,396
ultimateORFS19349,179,181,182,205,206,207,256,257
ultimateORFS15320,332,333
ultimateORFS1218,397,398,411,412,413
ultimateORFS13709,355,356,357,358
ultimateORFS9179,1218,1219
ultimateORFS1556,680,681,682
ultimateORFS10287,304,305,306,307
ultimateORFS13844,124,125
ultimateORFS10188,1087,1088
ultimateORFS3907,1766,1767,1768,521,522,523
ultimateORFS1424,243
ultimateORFS4974,1530,2095
ultimateORFS4764,139
ultimateORFS6654,261,262
ultimateORFS14610,284,422,423
ultimateORFS11046,117,118,120,121,123,124,129,131,1483,1484,1486,1767,196
ultimateORFS15108,296,297
ultimateORFS5416,381,382,383,563,564,565,566,567,568
ultimateORFS12865,100,101,102,344,345,99
ultimateORFS3675,1441,1442,1444,1445,1446,1447,1543,1544,1545,1546,1553,1554,1555,1556,1904,1939,1940,1941
ultimateORFS10685,1132
ultimateORFS6166,212
ultimateORFS13926,83
ultimateORFS16373,57,58,59
ultimateORFS7762,1359,1363,1365,1366,2380,2381,269,374
ultimateORFS9485,599,600,601,602,603,660
ultimateORFS4805,644,645,853
ultimateORFS16271,370,371,372
ultimateORFS13780,1925,1926,2328,2329,742
ultimateORFS4113,261,262
ultimateORFS7972,71
ultimateORFS10137,713,714,715,716,850,851,877,878,879
ultimateORFS2153,976,977,978
ultimateORFS8425,1334,1335,1336,1821,1822,1823,1824,1825,2389,2390,704,705,707,708
ultimateORFS13900,520,521,522,578,579,580,581
ultimateORFS12998,556,557
ultimateORFS1381,2172,2173
ultimateORFS2678,326,327
ultimateORFS2064,2334
ultimateORFS19237,1066,684,685,780,781
ultimateORFS9356,535,536,537,538
ultimateORFS14923,235,236,237,238
ultimateORFS3379,336
ultimateORFS19335,165
ultimateORFS19574,227,228,229
ultimateORFS3880,606,607,834,836,837,838
ultimateORFS9492,134
ultimateORFS2140,440
ultimateORFS18764,174
ultimateORFS16568,128,129
ultimateORFS19000,337
ultimateORFS8413,1291,1292,1293,1352
ultimateORFS8621,362,363,364
ultimateORFS1997,326
ultimateORFS6726,341,342
ultimateORFS6661,1044
ultimateORFS19600,72
ultimateORFS12084,1233,265,266,296,461,462,463,553,554
ultimateORFS5389,324,325,326,328
ultimateORFS16797,453,454,455
ultimateORFS14520,893,894,895,896,897
ultimateORFS3061,3236
ultimateORFS13308,197,198,199,200
ultimateORFS17882,297,298,299
ultimateORFS16668,544,545,546,547,548
ultimateORFS5047,1623,1624,1682,1683
ultimateORFS16558,132,133,134,223,224
ultimateORFS1734,282
ultimateORFS8997,118,119
ultimateORFS15980,390,391,392,393,427,583,584,585,688,829,830
ultimateORFS15537,215,216,217
ultimateORFS8655,1012,960,961
ultimateORFS10754,253,254,255,256
ultimateORFS4404,484,485
ultimateORFS19037,176,177,263,264,265,266
ultimateORFS6169,767,768,769
ultimateORFS4188,1359
ultimateORFS7636,364,365,366,479
ultimateORFS12115,798
ultimateORFS14735,1055,1163,1164,1408,1409,1410,1433,1434,1435,1436,1437,302,310,377,378,379,380,381,478,593,594,595,596,597,638,639,815,816,817,818,819,821
ultimateORFS7644,610,611,696,697,898
ultimateORFS19197,166,167,168,169,170
ultimateORFS19300,1434,1435,1436,381
ultimateORFS7230,193,194
ultimateORFS2644,176,177
ultimateORFS3185,185,229
ultimateORFS13974,1008,1009,208,209,210,888,889,890,891
ultimateORFS7918,600,601
ultimateORFS13303,165
ultimateORFS9634,794,795
ultimateORFS10858,148,149,150,232,233
ultimateORFS3131,402,403
ultimateORFS9024,401
ultimateORFS8057,524,525
ultimateORFS15928,1774,1775,1776,1777
ultimateORFS4667,264,265,266,267,329
ultimateORFS17918,1192,928
ultimateORFS2459,675,682,683
ultimateORFS5787,753,757
ultimateORFS14666,365,366,367
ultimateORFS3751,735
ultimateORFS2528,422
ultimateORFS1129,1524,1525
ultimateORFS7672,1034,1035,1036,1037,1038,1042,1043,1044,1045,1046,1295,1296,1298
ultimateORFS13206,171,572
ultimateORFS4767,401,402,439,440
ultimateORFS7877,1244,1245,1246,290,291,292,293,459,461
ultimateORFS12900,185,186,187
ultimateORFS16618,1749,1750,2194,2195,3212,3213,917
ultimateORFS12778,171,172
ultimateORFS14064,218,219,410,411,412,413,414,591,592,593,601,602,603,604
ultimateORFS16528,264,265,266,268,269
ultimateORFS15814,156,157,158,160
ultimateORFS16123,202,203,204,309
ultimateORFS16232,1064,1065,96,97,98,99
ultimateORFS17564,1005,1006,1175,1176,1177,1178,550,554,699,700
ultimateORFS5780,175,176
ultimateORFS5396,310,311,312
ultimateORFS8351,268,269,285,286,287,288,444,446,468,539
ultimateORFS19661,402,403,404,405,406,409,415,416,417
ultimateORFS16639,625
ultimateORFS3171,452,453,454
ultimateORFS5077,250,251
ultimateORFS16758,248,249,250,251,252,389,390,391
ultimateORFS5662,243,244
ultimateORFS5445,818,819
ultimateORFS13970,306,307
ultimateORFS9764,439,442,457,458,459,460,461
ultimateORFS13777,1146,1147,1148,1159,1160,882
ultimateORFS6212,227,230,231
ultimateORFS2526,145,146
ultimateORFS8751,241,242
ultimateORFS1353,1711
ultimateORFS5429,751,752
ultimateORFS10218,320,321
ultimateORFS11097,709,717
ultimateORFS15893,486,93,94,95,96
ultimateORFS12425,388
ultimateORFS12853,207,208,209,210,227,228,229,230,231,256,257,258,259
ultimateORFS4884,92,93
ultimateORFS8593,417
ultimateORFS10128,257
ultimateORFS17538,1177,1178
ultimateORFS9076,570,571,572
ultimateORFS8156,786,790,791,792,878
ultimateORFS12752,700,811,812,813,814,815
ultimateORFS16834,389,390
ultimateORFS16211,194
ultimateORFS16195,509,510
ultimateORFS8550,552,553
ultimateORFS8637,154,274,275,276
ultimateORFS7716,200,201,202
ultimateORFS19360,509,510,511,512,513
ultimateORFS13891,1129,1130,1140,1141,1142,1143,1144,1196,809,828,830,897,898,899,900,901
ultimateORFS19049,182,183,587,588,589,590
ultimateORFS15679,102
ultimateORFS7651,618,682
ultimateORFS4947,966
ultimateORFS14100,197,198,199
ultimateORFS19459,674
ultimateORFS19258,1044,1045,1046,258,259,414,416,417,946
ultimateORFS16517,87,88
ultimateORFS12073,179
ultimateORFS5038,1241,1242,1891
ultimateORFS13235,427
ultimateORFS5598,383,384,385
ultimateORFS13349,964,965,966,967
ultimateORFS3167,332,333,334,335,336,522
ultimateORFS3141,88
ultimateORFS13018,93
ultimateORFS15573,179,180
ultimateORFS17080,358,359
ultimateORFS15245,395,396,397,402
ultimateORFS19120,303,304,305
ultimateORFS11791,241,242,243,247,555,582,583,584,585,586
ultimateORFS19658,261,375,84,86,87
ultimateORFS8665,1039,1040,1047,1048,1049,1055,1069,1070,577,578,598,599,706,707,708,836,862
ultimateORFS7610,1096,1097,1098,1099,393,541,542,666,667,910,911
ultimateORFS7069,1450
ultimateORFS12390,917,918,919,920,921
ultimateORFS5826,834,835
ultimateORFS16780,519,520,521
ultimateORFS4175,1000,993,996,998,999
ultimateORFS17682,256,257,258
ultimateORFS13923,477,478
ultimateORFS2598,1069,1070
ultimateORFS3897,935,936
ultimateORFS4972,141
ultimateORFS10799,153,154,155,156
ultimateORFS10044,449,450,451,452,454,543,544,545
ultimateORFS18242,124,125,289,290
ultimateORFS15439,757,761
ultimateORFS3477,2146,2147
ultimateORFS8279,441,442,443,444
ultimateORFS19414,100,101,102,111,112,113,114,96,97,99
ultimateORFS12782,149,318
ultimateORFS15852,151,152,153,154,155,249
ultimateORFS16481,252,253,254,255,256,264,265
ultimateORFS4166,746,747,748,749
ultimateORFS8990,858,859,860,861,862,899,901,902,903
ultimateORFS15616,184,185
ultimateORFS15368,182
ultimateORFS7529,292,293,294,347,348,349,350
ultimateORFS12505,237
ultimateORFS13971,320,468,469,599,600,601,610,611,612
ultimateORFS7088,1203,1204,1205
ultimateORFS4145,1061,1062,719,720
ultimateORFS12743,95,96
ultimateORFS10635,451,491
ultimateORFS19689,281,285,286,287,288,289
ultimateORFS13498,566,591,597,598,599,67,68,69,70,71
ultimateORFS16536,267,268
ultimateORFS3682,280,281
ultimateORFS12265,270,271,272,273,274,374,397,398
ultimateORFS3242,339,340,341
ultimateORFS7870,467,468,469,470,471
ultimateORFS9510,146,147
ultimateORFS19534,274,275
ultimateORFS15564,92,93,94,95,96
ultimateORFS5583,781
ultimateORFS16393,315,316,317,375,376,377,378,379
ultimateORFS3334,681,682
ultimateORFS11832,306
ultimateORFS7895,380
ultimateORFS10960,429
ultimateORFS6840,188
ultimateORFS7407,270,271
ultimateORFS9052,1031,184,185,254,255,256,257,583,584,585,586,638
ultimateORFS6561,391
ultimateORFS18652,629,630,677,678,679,680
ultimateORFS10103,1041,1042,1043,1044,1045,166,167,168,169,170,188,189,244,245,332,364,365
ultimateORFS15115,155,156,157
ultimateORFS5840,749,750,751
ultimateORFS14648,484,499,500
ultimateORFS14698,225,226,227,228,229,86,87,88
ultimateORFS5920,102,103
ultimateORFS16091,387,439,440,441,442,611,612,613
ultimateORFS13774,198,755,756,757
ultimateORFS19089,157
ultimateORFS8230,317
ultimateORFS2248,1561,1563,1564,1565,1568,1569,2218,2220,2221
ultimateORFS3552,1441
ultimateORFS11073,295,296,297,298,351
ultimateORFS16914,1028
ultimateORFS7408,1029
ultimateORFS11651,411,412,413,414
ultimateORFS15419,180,181
ultimateORFS1917,290
ultimateORFS16714,697
ultimateORFS18771,904,905,906,907
ultimateORFS8588,1265,1327,1345,1346,1347,1348,1349,1350,1939,1942,1944,1945,1946,804,805,806
ultimateORFS3676,466,467,473
ultimateORFS5373,1166,1167,1185,216
ultimateORFS13961,166,167
ultimateORFS3308,853
ultimateORFS18843,486
ultimateORFS13546,1164,1165
ultimateORFS10286,104,105,112,114,115,116,230,231,232,233,234,235,236,240
ultimateORFS3531,305,473,616,617
ultimateORFS9195,244
ultimateORFS14621,1420,1421,155
ultimateORFS18521,435,436,437,438
ultimateORFS14577,401,402,403,404
ultimateORFS5588,603,830,831,840
ultimateORFS15979,168
ultimateORFS3914,636,637
ultimateORFS3640,213,214,235,236,257,258,287,288
ultimateORFS7260,1387
ultimateORFS10169,111,115,117,121,73
ultimateORFS9868,366
ultimateORFS8378,92
ultimateORFS1433,1895
ultimateORFS7109,601,602
ultimateORFS12991,92,93
ultimateORFS5574,1352,1353,1354,1355
ultimateORFS7873,1023,1102,1103,686,687
ultimateORFS3237,1319,1615,1616,1617,1618
ultimateORFS5163,397,472,473,474,475,476
ultimateORFS9007,499,500,627,628
ultimateORFS7782,1181
ultimateORFS7717,250,671,672
ultimateORFS7452,227,228,229,398
ultimateORFS4628,446,447,448,449,450,589
ultimateORFS5242,588
ultimateORFS5785,466
ultimateORFS5925,246,247
ultimateORFS15906,365
ultimateORFS19640,1497,1498,1499,1500,1828,1829,1830,1840,336,337,338,339,340
ultimateORFS13102,1035,1036,1044,698,81
ultimateORFS7587,293,294
ultimateORFS16416,100,327,328,329,520,521,99
ultimateORFS10945,564,568,569,570,577,578,579,769,770,771,970,971,972,973
ultimateORFS1263,1008,1009,823,824
ultimateORFS9395,760,761,762,765
ultimateORFS3755,686,687,688,689
ultimateORFS3389,2459,2460
ultimateORFS14037,251,252
ultimateORFS7073,4331,4332,4370,4371,4372,4373,4374
ultimateORFS19821,84,85
ultimateORFS6565,129,482,635
ultimateORFS19516,94,95,96,97,98
ultimateORFS10124,247,248
ultimateORFS16807,700,703,705
ultimateORFS18522,975
ultimateORFS18782,261,262
ultimateORFS15811,257,318,319,320,793,794,795,971,972
ultimateORFS10153,3348
ultimateORFS11037,146
ultimateORFS10381,1016
ultimateORFS19776,277
ultimateORFS15909,173
ultimateORFS11542,312,313,314
ultimateORFS12809,252,295,296,385,386,387,388,389
ultimateORFS19372,130,131,132,160,161
ultimateORFS3452,1207,1208,1209,1219
ultimateORFS8726,1423,1424,1425,1426,1427,2625,624,625,626,627,628,629,725,733,734,735,750
ultimateORFS2242,536,537,538,631,640
ultimateORFS16905,209,210,211
ultimateORFS6635,199
ultimateORFS5122,305,408,409,410,411,412
ultimateORFS10831,1406,1407,1408
ultimateORFS8020,389,390
ultimateORFS10817,164
ultimateORFS15918,108,109,164,165,166,167,225,226
ultimateORFS12718,1481
ultimateORFS5048,615,616,617
ultimateORFS3565,602
ultimateORFS19444,2030,2031,2032,2033,2034
ultimateORFS7984,2150,2151,2152,2153,2154,2926
ultimateORFS12061,143,146,60,61
ultimateORFS11257,117,118
ultimateORFS16858,201,202,204
ultimateORFS13636,139,140,141,143,383,384,385,386
ultimateORFS4981,140,141,142
ultimateORFS16084,150,151
ultimateORFS9745,237
ultimateORFS15446,432,433,436,448
ultimateORFS19016,146,149,152,153
ultimateORFS11513,871
ultimateORFS9881,300,301,302
ultimateORFS18485,393,394,395
ultimateORFS15532,806,807,808
ultimateORFS4226,1373,1374,1375,1376,1377,1378,1382,1393,1396,1397,604
ultimateORFS2527,177,178,179,180
ultimateORFS5776,168,175,396,397
ultimateORFS12897,210,211,340
ultimateORFS9432,1112,1113,1114,1115,1117
ultimateORFS19646,344,345,346,347
ultimateORFS19121,380,381,458,459
ultimateORFS5605,1530,1533
ultimateORFS3380,694,905,906,907
ultimateORFS18901,998
ultimateORFS19298,372,629
ultimateORFS6185,369
ultimateORFS7271,171,172,173,174,175
ultimateORFS6124,212
ultimateORFS16400,121
ultimateORFS8457,346
ultimateORFS12063,169
ultimateORFS16422,192,193
ultimateORFS8758,503,504,505
ultimateORFS10146,127,130,131
ultimateORFS18982,398,399,400,862,863,864,865,866
ultimateORFS11999,102,104,216,217,219,220,271,272,273
ultimateORFS10178,1314,1315,1316
ultimateORFS9328,728,821,822
ultimateORFS9804,1318,1319,1320,1321
ultimateORFS9413,158,159,160
ultimateORFS16121,109,112,122,123
ultimateORFS9051,494,495,496
ultimateORFS13862,212,213,214,215
ultimateORFS10837,69
ultimateORFS4023,519,557,965,980,981
ultimateORFS12954,928
ultimateORFS16142,341,342
ultimateORFS13696,256,257,258,259
ultimateORFS6297,189,190
ultimateORFS7687,1354,640,641
ultimateORFS13956,433,434,435,466
ultimateORFS2513,840
ultimateORFS16262,1571,1572,1660,1661,1662,1663,313,314,315,644,645,646,647,90
ultimateORFS3526,249,250
ultimateORFS9199,155,156,157
ultimateORFS6195,2384,2385,2386
ultimateORFS6353,71,72,87
ultimateORFS16025,322,323,324,325,326,478,479,480,481,549,550
ultimateORFS9454,144,145,146
ultimateORFS9000,2053,2054
ultimateORFS3919,382,403,404
ultimateORFS10382,129
ultimateORFS9042,1208,618,619,620
ultimateORFS19062,1205,1206
ultimateORFS15833,671,672,715,718
ultimateORFS6590,256,257,298,533,534,535,536
ultimateORFS5911,212,213,218,254,255
ultimateORFS13525,192,193
ultimateORFS5762,145,487,488,650,712,713,741,755,756
ultimateORFS8262,162,163,164,176,187,188,199,200,201,203,204
ultimateORFS1377,508
ultimateORFS11115,347,348,349,350,351,387,388,389
ultimateORFS2073,261,262
ultimateORFS10280,211,212,213,235,236
ultimateORFS10576,863,864,865,866,867
ultimateORFS16468,153,154,182,183,184,269,270,271,334,335,336,748,749,750,751,759,760,761
ultimateORFS19314,119
ultimateORFS9005,251,252,253,254,277,278,429,430,431,432,440,441,442,443,589,590,591,592,593
ultimateORFS12011,78
ultimateORFS14537,445,446
ultimateORFS5486,795
ultimateORFS19100,354,359,501,502
ultimateORFS2402,162
ultimateORFS15356,1401,1402,1425,1428,1429,1574
ultimateORFS4047,555
ultimateORFS19563,120,954
ultimateORFS8755,126
ultimateORFS14127,117,118,119,120,122,123,131,132,133
ultimateORFS18186,547
ultimateORFS13574,343,363,364,397,498,499
ultimateORFS18486,127,132,133,134,135,136,137,138,395,396,398,399
ultimateORFS3504,159,164,82,83,84,85
ultimateORFS16394,581,582,586,587,588,589,590
ultimateORFS3954,898
ultimateORFS13501,1064,1065,1066
ultimateORFS9283,123,124,125
ultimateORFS4225,346
ultimateORFS7426,389,390
ultimateORFS8015,977,978,979
ultimateORFS19226,290,324,325,326
ultimateORFS11210,114,125,126
ultimateORFS4043,288,289,290
ultimateORFS18387,174,176,177,178,179
ultimateORFS2521,176
ultimateORFS14597,1133,1134,1135,1136,399,400,402,408,588,589,590,591,920,921,922
ultimateORFS9048,535,543,544,545
ultimateORFS18339,2167,2168
ultimateORFS16863,1194,1195,1196,1291,1292,1293,85,86,87,88,881,882,883,884,89
ultimateORFS14106,561,562,563,564,565
ultimateORFS11111,194,195,196,334
ultimateORFS14083,151,308,309,346
ultimateORFS19608,302,303
ultimateORFS4978,1075,1079,644,645,663
ultimateORFS16770,198,199,461,462,463,653
ultimateORFS19441,843,845,846
ultimateORFS7632,1292,1293
ultimateORFS5020,1683
ultimateORFS3068,714,715
ultimateORFS1843,2841,2842,2845
ultimateORFS9582,263,267
ultimateORFS13915,4197
ultimateORFS6422,506,507,508,509,510,511,512,542,564
ultimateORFS16427,1152,1637,1638,1639,1640,183,184,185,186,187,204,212,213,214,215,276,620,621,622,623
ultimateORFS15481,241
ultimateORFS9418,212,213
ultimateORFS2705,119,125
ultimateORFS1823,1715
ultimateORFS2988,352,353,466,548,549
ultimateORFS18992,588,621,622
ultimateORFS5201,190,191,669,670
ultimateORFS6582,364,373,374,375,376
ultimateORFS14049,362,363,540,872
ultimateORFS12364,234,235,444
ultimateORFS5268,315
ultimateORFS18335,247,248,249
ultimateORFS4036,1008,931,932
ultimateORFS19093,328
ultimateORFS16304,156
ultimateORFS12335,273,274,275,277,80,81,82,86,87,88,89,90
ultimateORFS16444,122,123,124,125,126
ultimateORFS16583,533
ultimateORFS9196,121,122,123
ultimateORFS19839,86
ultimateORFS9037,1757,2020,2021,2022,2023,2024,462,467
ultimateORFS16280,432
ultimateORFS16071,57,65
ultimateORFS12736,232
ultimateORFS9406,105,106
ultimateORFS13645,916,917
ultimateORFS19224,81
ultimateORFS2119,585,586,587,588,605,672,673
ultimateORFS12820,519,520,521
ultimateORFS14564,247,248
ultimateORFS6965,519
ultimateORFS16677,928,929,930,931
ultimateORFS1934,887
ultimateORFS19499,124,125,126,127,231,232,233,234,235,236,503
ultimateORFS15393,103,104
ultimateORFS1437,112,113
ultimateORFS7993,165,178,569,570
ultimateORFS16067,172,173,174
ultimateORFS1350,741,743,744
ultimateORFS4184,119,120,121,122,123
ultimateORFS13589,117,118
ultimateORFS4144,942,943,945,946
ultimateORFS7305,210
ultimateORFS5371,1029,271,272,284,285,738,739,879
ultimateORFS4337,204,205,206,207,213,214,215,216,217
ultimateORFS19541,1180,1181,1182,1183,1694,172,173,174,1750,446,447,461,463,464,465,555,557,558,590
ultimateORFS10569,451
ultimateORFS5827,2317,2318,2915
ultimateORFS13945,170
ultimateORFS10846,167,168,169
ultimateORFS16006,430,431,432,433,434,692,693,694,695
ultimateORFS8072,192
ultimateORFS1446,499
ultimateORFS13496,266,267,268
ultimateORFS10985,133,134
ultimateORFS19500,136
ultimateORFS4807,95
ultimateORFS16563,350
ultimateORFS2970,336
ultimateORFS4455,442
ultimateORFS1849,427,428,429,430,431,535
ultimateORFS5181,1281,1282,232,233
ultimateORFS3501,508,509,510
ultimateORFS9951,131,132,133,159,160,753,754,755,756
ultimateORFS19161,1532,1533,737,779,780
ultimateORFS7623,230,231,291,292,293,294
ultimateORFS19877,1203,1204,1205,1206,1643,1644,361,362,363,364,365,379,380,60,734,780,783,784,89,90,91,92,93
ultimateORFS19297,251,252,253,254,255,56,57,63,64,65
ultimateORFS8138,2610
ultimateORFS10675,1371,1503,1504,2209,2210
ultimateORFS13442,460,461,462
ultimateORFS17914,903,989,990,991,992
ultimateORFS15663,316,317,318
ultimateORFS1324,335,336
ultimateORFS3905,180,218,221
ultimateORFS2203,2956,2957,2964,2968,4002,4003
ultimateORFS16342,1908
ultimateORFS12172,279,525,526
ultimateORFS1321,282
ultimateORFS12388,2058,2059,2223,2383,2386,2387,3769,3770,3771,4510,5057,5058,5059,5060,5968
ultimateORFS5105,159,160
ultimateORFS3549,429,435
ultimateORFS15648,237,238,239,240,241
ultimateORFS12822,112,113,114,70,82
ultimateORFS8989,1058,1059,1060,1061,1095,1096
ultimateORFS18514,176
ultimateORFS10812,262,263
ultimateORFS10289,1034,1035,1036,1037
ultimateORFS16357,214,215,223,224,225
ultimateORFS8534,537
ultimateORFS13846,591,592,593
ultimateORFS1784,860
ultimateORFS14653,325
ultimateORFS3790,213,214,215,216
ultimateORFS12755,196,197,374,375,376,421,460,461
ultimateORFS16109,230,231,232,233,234,236,237,238,239,240
ultimateORFS6116,224,225
ultimateORFS5978,163
ultimateORFS16389,97
ultimateORFS7332,685,686
ultimateORFS11149,689
ultimateORFS16163,251,252,259,265
ultimateORFS11988,120,121,122,123,126,127,128,129,208,209
ultimateORFS2904,132,133,135,136,137,503,504,505
ultimateORFS16321,183,291,292
ultimateORFS2846,1071,1072
ultimateORFS11123,333,334
ultimateORFS3506,452,453,454,455,456
ultimateORFS19518,290,291
ultimateORFS16687,148,149,150,151,152,72
ultimateORFS18645,342
ultimateORFS16876,469,764
ultimateORFS16548,249,250
ultimateORFS3042,455,456
ultimateORFS10863,359,360,467,468,86
ultimateORFS16178,808,809
ultimateORFS3574,838,839
ultimateORFS6614,560
ultimateORFS18059,163,167
ultimateORFS13583,219,279,280
ultimateORFS9754,329,330,331
ultimateORFS15477,377,378
ultimateORFS6143,455,581
ultimateORFS8231,158,159,160
ultimateORFS16663,223,224,331,332
ultimateORFS15740,435,436
ultimateORFS6602,1218,1219,1220,715,718,719,862,863
ultimateORFS19370,472
ultimateORFS19263,392,393,394,94
ultimateORFS19543,160,161
ultimateORFS3235,446,447,448,499,500
ultimateORFS1278,2516,3260,3261,3262,3263,3264,3265,3266,3267,3268,3269,3270,3272,3273
ultimateORFS19278,51,59,60,61,62,63
ultimateORFS7329,340,341
ultimateORFS13299,417
ultimateORFS19669,395,396,397,433,434
ultimateORFS13910,579,702
ultimateORFS12985,476,477
ultimateORFS19719,177,178,244,247,248,265,270,271,746,747
ultimateORFS19449,1483,1484,1485,1489,1490,1526,1527,1528,1529
ultimateORFS9344,941,942,943,944,945
ultimateORFS12859,168,415,416
ultimateORFS4783,143,144,145,339,340,439,442,443,444,445
ultimateORFS8747,106,396
ultimateORFS15987,1431,1432,524,808,809,810,811,812
ultimateORFS15940,1030,328,78,81
ultimateORFS12299,424,425,426,427,434,589,590
ultimateORFS11070,182
ultimateORFS14024,589,824,825,826,922
ultimateORFS14620,193,194,195,196
ultimateORFS3888,766
ultimateORFS13296,646,647
ultimateORFS14085,263,264,265,266,326,327
ultimateORFS5170,439,440,441
ultimateORFS9647,670
ultimateORFS14591,290,291
ultimateORFS7640,223,225,283,284
ultimateORFS19706,235,236,237,264
ultimateORFS8031,58,59
ultimateORFS1703,919,920,970,971
ultimateORFS8428,1265,742
ultimateORFS4182,1104,1105,452,453,454
ultimateORFS16809,278,66
ultimateORFS10184,335
ultimateORFS4070,318,419
ultimateORFS14172,310
ultimateORFS3201,457
ultimateORFS4989,1159,2403,2404,2405,453,454,468,469,471
ultimateORFS10288,314
ultimateORFS19521,372
ultimateORFS16657,131
ultimateORFS14569,754,755,756,757,758,761
ultimateORFS11540,556
ultimateORFS11207,438
ultimateORFS7091,1148,1149
ultimateORFS7009,656
ultimateORFS10864,212
ultimateORFS16573,1809,1810
ultimateORFS3364,309,310,311,461
ultimateORFS8949,90
ultimateORFS3734,1199,697,699
ultimateORFS9104,248
ultimateORFS11972,623,624
ultimateORFS4392,393
ultimateORFS5477,3149,3150,3151,3858
ultimateORFS6060,517
ultimateORFS15046,425,426,427
ultimateORFS8401,1002,1003,1004,1054,1055,897,898
ultimateORFS16840,254,308,309,310,488,489
ultimateORFS3933,381
ultimateORFS7778,462
ultimateORFS6302,190,191
ultimateORFS3997,1452,1675,1676,1679,1680,411,412
ultimateORFS4395,348,428,432
ultimateORFS9501,280,287,288,289
ultimateORFS2773,1289,1290
ultimateORFS12362,308,312,313,314,315
ultimateORFS7883,2621,2622,2623,2624
ultimateORFS9769,401,402
ultimateORFS15555,634
ultimateORFS7145,1097,1794,1795,1796,1797,783,784
ultimateORFS14058,527,528,529
ultimateORFS3155,580,581
ultimateORFS16800,272,273,274,275,276
ultimateORFS19704,810
ultimateORFS15799,59,60
ultimateORFS19755,299,300,301,302,307,308,309,310
ultimateORFS1978,283,285
ultimateORFS15933,862,863,864,865
ultimateORFS3076,1414,1415,1442,2063,2064,2065,2066,2067
ultimateORFS11679,118,261,262,263
ultimateORFS5240,353
ultimateORFS4470,1370,1371,1372,873
ultimateORFS12154,294
ultimateORFS14779,104,261
ultimateORFS3766,313
ultimateORFS14573,1474,1475,1476,1479
ultimateORFS19426,618,619,620
ultimateORFS8653,262,264
ultimateORFS11289,155,156
ultimateORFS12275,384
ultimateORFS16888,129
ultimateORFS10829,772,773,774
ultimateORFS8641,638,639,647
ultimateORFS4535,258,259
ultimateORFS5335,331,537
ultimateORFS9762,308,309,310,526
ultimateORFS14942,205,206,207
ultimateORFS8184,1624
ultimateORFS9013,873,874,876
ultimateORFS16656,445,889,890,891,892
ultimateORFS1570,285
ultimateORFS2799,134,137,138
ultimateORFS19201,278
ultimateORFS14646,188,293
ultimateORFS16660,165,166,167,168
ultimateORFS9002,275,276,277,278,279,280
ultimateORFS11809,836,837,838,839,840
ultimateORFS11981,570,571,572
ultimateORFS16775,123,124,73,74,75
ultimateORFS8626,477,480
ultimateORFS3588,770
ultimateORFS19147,1195,1196,1711,1712,1713,1714,1852,1853,1854,2611,2740,2741,541,542,543
ultimateORFS15862,300,301
ultimateORFS16658,336
ultimateORFS19582,1891,1892,2162,2493,2494,2495,2496,2498,2500,2501,2502,2503,2504
ultimateORFS19180,680,681
ultimateORFS12339,63
ultimateORFS7143,1064,1065
ultimateORFS7104,558,878,879,880,881
ultimateORFS6833,794
ultimateORFS5805,2112,2113,2346
ultimateORFS17574,345,346,347,348,349
ultimateORFS12742,64,65,66
ultimateORFS15403,273,274,275,317,321,322,323
ultimateORFS13554,282,284,285,286,321,370,371,372
ultimateORFS11208,685
ultimateORFS5207,94,95
ultimateORFS15523,1073,609,610,611,612,613
ultimateORFS16317,341,342
ultimateORFS19513,210,211,212,215,237,313,314,315,316,317,602,603,604,605,606
ultimateORFS16206,280,281,282
ultimateORFS6680,337,367,368
ultimateORFS14714,288,289,366,496,527,528,529,530
ultimateORFS10949,100
ultimateORFS19505,363,569,705,706
ultimateORFS4120,66,67,71,72
ultimateORFS19028,764
ultimateORFS15571,473,476,477,659
ultimateORFS12474,497,498,499
ultimateORFS9860,95,96
ultimateORFS9319,109,833,834,96,97
ultimateORFS8633,179,191,192
ultimateORFS12805,205,206,207,210,217,218,219,220,221
ultimateORFS7907,149,84
ultimateORFS7675,732,733
ultimateORFS5243,219,220,221,230
ultimateORFS17486,3414,3415,3416,3417,3418,3539
ultimateORFS8283,298,417,418
ultimateORFS6520,2338,2339
ultimateORFS12001,142,309,317,318,392,397,398,399
ultimateORFS5224,326,327,328,329,330
ultimateORFS1830,530,531,656
ultimateORFS10070,157,175
ultimateORFS13999,134,135
ultimateORFS10183,200,201,202
ultimateORFS16871,717
ultimateORFS18451,1139,1140,1141,1142
ultimateORFS12861,418,419,420
ultimateORFS18570,260,261,262,263,264
ultimateORFS10823,421,422
ultimateORFS8524,858,859,864
ultimateORFS12330,321,322,326,327,328
ultimateORFS5444,345,346,347,348
ultimateORFS16684,238,239,240,241,382,730,731,732,733
ultimateORFS7461,135,136,153,154,155,357,358,359,360,361
ultimateORFS12297,174,175,212
ultimateORFS1152,517,518,519,901,902,903
ultimateORFS7990,478,479,575,576
ultimateORFS7511,1432
ultimateORFS6757,141,154
ultimateORFS3429,1739,1837,1838,2293,2294
ultimateORFS3828,849,850,851
ultimateORFS6647,594
ultimateORFS16724,1023,1024,1025
ultimateORFS15922,298
ultimateORFS19688,261,262,273,274,616
ultimateORFS3480,727
ultimateORFS10343,691,692
ultimateORFS17561,169
ultimateORFS12381,256,261
ultimateORFS15520,165,166
ultimateORFS8638,1314,1315,1316,1317
ultimateORFS19058,124,141,142,143,152,193,194,195,319,320,321,361,362,363,364,365,431,432,433
ultimateORFS13582,121,176,177
ultimateORFS2790,474,475
ultimateORFS19075,703
ultimateORFS16680,1076,1077,1078,342,356,358,363,364,366,367
ultimateORFS15554,1078,397
ultimateORFS6874,1009,105,106,1066,1067,1068,1069,1070,1071,1073,1086,1088,1331,1332,1333,1352,1405,1424,1535,1536,255,256,257,340,511,512,513,613,614,615,616,708,709,710,953,954
ultimateORFS10584,154,155,156
ultimateORFS9435,1418,1419,1457,1458
ultimateORFS9049,620,621,656,691,908
ultimateORFS3176,312
ultimateORFS18832,1036,1037,1038,1039,1040,2603,2604,2605,2606,2625,2644,2894,3005,3185,3186,3187,3188,3876,3877,3878,3879
ultimateORFS11816,77
ultimateORFS12132,1123,1124,1125,1126,810,811,828,829,830,831,832
ultimateORFS16087,498,501,502
ultimateORFS14045,642
ultimateORFS18958,342
ultimateORFS2144,1407
ultimateORFS2298,131
ultimateORFS4635,1246,946,947,948,949,950,952,953,954
ultimateORFS13518,102
ultimateORFS3666,154,155,156
ultimateORFS8710,519,520,521,522,523,543,544,545,546,547
ultimateORFS8021,276,277
ultimateORFS8754,182,183,184,196,197
ultimateORFS11447,81,82
ultimateORFS4842,391,392
ultimateORFS16814,1400,1401,1402,1403,1404,1438,1439,1440,1441,1446,1475,811,989,990,991
ultimateORFS16683,287,288,477,478,560,561
ultimateORFS10625,235,236,237
ultimateORFS10828,365,366,367
ultimateORFS5008,518,519
ultimateORFS13199,131,132,136,137,151,282,283,284,285,286,540
ultimateORFS19453,1018,1039,1040,1041,1042,1043,107,1182,1195,1196,1197,1198,1199,1211,1212,1213,1214,151,1511,1512,1517,152,1527,1528,153,154,155,1654,171,172,173,174,175,1827,1828,1841,1842,1843,1844,1883,1884,1885,303,326,327,328,329,330,388,389,390,391,392,402,403,404,405,616,617,619,620,646,767,769,793,921,966,967,968,977,978
ultimateORFS17643,264,265,266,267,271,272,274,314,550
ultimateORFS4709,559
ultimateORFS2779,921,922,934,935
ultimateORFS8310,113,114,118
ultimateORFS7170,171,172,177,178
ultimateORFS19744,304,305,306
ultimateORFS2923,3950,3951
ultimateORFS2083,322,323,324
ultimateORFS7323,2003,2004,2010,2011,2012
ultimateORFS8332,378,379,380,381,554,555,610,611,800,801,802,803
ultimateORFS13452,90
ultimateORFS4542,200,201,214,215
ultimateORFS10648,103,104,105,116,118,119
ultimateORFS15221,243,244
ultimateORFS3045,189,276
ultimateORFS1338,1687,1688
ultimateORFS17925,1269,1270,1271,463,506,564,565,615,616,833,908,909
ultimateORFS2446,628,629,632
ultimateORFS17499,1675,1676,1677,1678,1679,675
ultimateORFS2285,1044,1045,1046
ultimateORFS12079,2599,2784,2785,2786,2787,2953,2954,2955,2956,2957
ultimateORFS13611,422,423
ultimateORFS17501,399,400,94
ultimateORFS19775,508,509,950,951
ultimateORFS12760,1514,479,481,482,483,484,485
ultimateORFS8306,582,583
ultimateORFS16865,275,276,445
ultimateORFS12301,247,248,249
ultimateORFS6820,390,391,392,442,443
ultimateORFS5309,327,328,329,344
ultimateORFS6465,231
ultimateORFS3699,82
ultimateORFS14171,189,190,191
ultimateORFS16161,417,418
ultimateORFS7938,233,410,411,412,474,475,476,477,491
ultimateORFS5292,335,464,465
ultimateORFS8732,163
ultimateORFS19080,242
ultimateORFS7688,111,151,152,226
ultimateORFS9442,246,249,250
ultimateORFS10118,160,161,162,163
ultimateORFS4515,1539
ultimateORFS9424,361,362,363,364,365
ultimateORFS4846,241,242,243
ultimateORFS16895,412,413
ultimateORFS18366,105,114,115,116,117,124,200,201,202,325,326,327,328,329,350
ultimateORFS11290,1133,1134,1186
ultimateORFS9462,1000,1001,1015,963,964,965,975,988,989,999
ultimateORFS3771,1563,1564,2059
ultimateORFS12992,197,198,199,200,201
ultimateORFS6545,1343,1344,1345
ultimateORFS8525,567,571
ultimateORFS4832,657,658,659
ultimateORFS16835,82
ultimateORFS7072,302,303,422,424,425
ultimateORFS9609,316,404,405
ultimateORFS12153,3234,3235,3236,3237
ultimateORFS16207,730,731,732,735,736,849,850,940
ultimateORFS8706,259,721,722,863,864,881
ultimateORFS18475,155,158,159
ultimateORFS4860,251,253,254
ultimateORFS3551,272,279,280
ultimateORFS6830,285,286,287
ultimateORFS1447,255,285
ultimateORFS11583,366,436,437
ultimateORFS8435,441
ultimateORFS3299,126,127
ultimateORFS9488,1010,1011,772
ultimateORFS14047,1163,1164,1173,249,253,254,255,705,706,707,710
ultimateORFS10243,151,152,407
ultimateORFS10241,1044,1045,1049,1051,1052,1271
ultimateORFS17489,155,156,157,160
ultimateORFS19225,397,398,424,425,426
ultimateORFS15399,121,122,133,134,135,137,143,144
ultimateORFS11057,304,306,307,309,456,633,634
ultimateORFS4672,1280
ultimateORFS2098,361
ultimateORFS4686,885,886
ultimateORFS8773,103,104,125,340,342,343,383,384,385
ultimateORFS1265,313
ultimateORFS18456,188,189,190
ultimateORFS16231,230,231,281,282,283,284,285
ultimateORFS8344,1045,567,568,569,570,608,972
ultimateORFS19017,97
ultimateORFS2342,128,166,167,197
ultimateORFS10149,711,712
ultimateORFS3273,3342,4429,4587,4588,4589,4590,4821
ultimateORFS9983,570,593,594,736,823,913,966,967,968
ultimateORFS16191,348
ultimateORFS12375,527,528,530,531
ultimateORFS19871,183,184,185,186,432,433,434,437,438,458,459,460
ultimateORFS11980,109,110
ultimateORFS5034,1155,1156,1475,1476
ultimateORFS3217,1145,1146
ultimateORFS13858,853
ultimateORFS5678,377,378
ultimateORFS16872,234,235,292,293,294,295,410,411,412,413
ultimateORFS19294,102,103,104,128,129
ultimateORFS10660,243,244,245,246,247,335,336,337,485,486,487
ultimateORFS16629,199,338,339,340
ultimateORFS4378,301,323,375,376,522,523
ultimateORFS7942,610,612,708
ultimateORFS14239,364
ultimateORFS3678,321,352,353,354,355,410,411
ultimateORFS8091,83,84,85
ultimateORFS9177,1825,1826
ultimateORFS1306,1080,843
ultimateORFS16651,114,115,78,79,80,81
ultimateORFS4367,369
ultimateORFS19729,1579,516,517
ultimateORFS9252,153,154
ultimateORFS4180,290,413,414
ultimateORFS19458,399,404,405,406,407,541,542,543,544,545
ultimateORFS5807,109,150,151
ultimateORFS15370,190,191
ultimateORFS19415,752,753
ultimateORFS7095,124,76,77,78,79
ultimateORFS3872,1182
ultimateORFS16346,59,60,63
ultimateORFS16202,105,106,107,139,142,148
ultimateORFS13868,300,301,302,303
ultimateORFS15819,505,506
ultimateORFS9518,336,341,342,343
ultimateORFS12798,140
ultimateORFS12881,341
ultimateORFS15749,272,273,377,378,380,381,382
ultimateORFS6379,358
ultimateORFS15937,224,225,226
ultimateORFS9738,261,263,264,388,389,471,472
ultimateORFS12947,3565,3566,3567
ultimateORFS3093,1639
ultimateORFS16765,150,151,152,153
ultimateORFS7523,355,447,448,450
ultimateORFS10075,1038,1039,1099,1100,166,167
ultimateORFS10657,733,734,735,736,737
ultimateORFS10214,654,655,965,966,967,968,969
ultimateORFS15731,395,496,497,498,511,724,725,731,732,733,967,968,969,970
ultimateORFS6994,523,525,607
ultimateORFS19559,311,312
ultimateORFS10979,130
ultimateORFS10833,874,875
ultimateORFS12099,778,779,782
ultimateORFS16014,1154,123,124,125,1273,132,344
ultimateORFS4729,508,509,511,512,513,514,515,518
ultimateORFS13688,84
ultimateORFS6204,197,198,199,200,201
ultimateORFS6579,309,314,315,316,317
ultimateORFS19431,147,148,149,354,355
ultimateORFS18971,240,241,242
ultimateORFS2051,754,755
ultimateORFS5200,376
ultimateORFS16120,250,378,379
ultimateORFS7583,561,562
ultimateORFS15500,199,317
ultimateORFS4219,517,518,841,842
ultimateORFS19598,270,271,272,273,274
ultimateORFS1902,783,784,785,789,790
ultimateORFS1312,602
ultimateORFS17439,478,479,480,481
ultimateORFS10264,415,416,417,540,541,561
ultimateORFS2729,1609,1610,1611,1612
ultimateORFS12348,165,166,197
ultimateORFS3950,457,458,459,460,461
ultimateORFS2590,138,205
ultimateORFS19138,1464,1465,1466,1745,585
ultimateORFS15449,237
ultimateORFS8086,769
ultimateORFS16282,293
ultimateORFS5822,759,805
ultimateORFS3634,1048,1431,1432,1433,1543
ultimateORFS6669,602,629,630,631,632
ultimateORFS16374,163
ultimateORFS5370,1205,1806,1807,1971,2028,2029,2030,2031,2325,2326
ultimateORFS11258,108,109,110
ultimateORFS8102,86,87,88,89
ultimateORFS18461,2206,2207,2208,2209,2210,2756,2757,2758,2759,2771,372,373,374,375
ultimateORFS11614,317
ultimateORFS16535,95,96,97
ultimateORFS3064,662,663
ultimateORFS13963,1067,866,867
ultimateORFS19083,246,247,248
ultimateORFS3719,493,495,496
ultimateORFS19421,349,350,351,352,353,354,355
ultimateORFS3892,647,648,649
ultimateORFS4216,449,450
ultimateORFS7139,952
ultimateORFS12393,1456,648,649,650,651
ultimateORFS18316,59,60
ultimateORFS1677,528
ultimateORFS5183,533,540,541,542
ultimateORFS2065,1025
ultimateORFS15047,330,331,98
ultimateORFS6160,453
ultimateORFS8446,1553,440
ultimateORFS4725,974
ultimateORFS10233,223,262,263
ultimateORFS16233,133,227
ultimateORFS10160,290
ultimateORFS19636,511,512,513,514
ultimateORFS10056,307,308
ultimateORFS2876,1377,1378,1511,1512,1755,1756,2108
ultimateORFS9490,492,493
ultimateORFS12188,524
ultimateORFS19200,1221,1222,1223,1224,1225
ultimateORFS8668,411,412
ultimateORFS13226,1325,1326,264,523,524,525,526,580,916,917,918
ultimateORFS5059,449,450,451,452,453,454,455
ultimateORFS19233,225
ultimateORFS16506,1237
ultimateORFS12799,884
ultimateORFS4875,1076
ultimateORFS18996,694,695,696,697,698
ultimateORFS11174,240,241,242,243
ultimateORFS6397,442
ultimateORFS8350,386,387,388,389
ultimateORFS10265,699,700,751,797,868,869
ultimateORFS16096,1017,1018,1172,1173,1174,1175
ultimateORFS12808,192,193,194,195
ultimateORFS18054,384,385,386
ultimateORFS19404,223,224,225,226
ultimateORFS10072,240,241,242
ultimateORFS18459,293,294,299,305,306
ultimateORFS1299,451,452
ultimateORFS13458,460,461,462,515,516,596,597,803,804
ultimateORFS11995,244,245,246
ultimateORFS14098,543
ultimateORFS10173,353,354,355,356,357
ultimateORFS9348,73,74
ultimateORFS18504,1188,1189,904,905,906,907
ultimateORFS5895,257,269,958,959
ultimateORFS19660,691,692,695
ultimateORFS14590,346,347,348,349,350,357,358,374
ultimateORFS19392,747
ultimateORFS3967,222,223,225
ultimateORFS7886,2285,2628,2629,2630,2631
ultimateORFS7454,295,296
ultimateORFS11321,247,248,249,250
ultimateORFS19619,58
ultimateORFS5751,479,480,481,482,483
ultimateORFS16335,97,98,99
ultimateORFS6656,1554,1555,1569,1570
ultimateORFS8967,9538,9539,9540
ultimateORFS10076,299
ultimateORFS4608,402
ultimateORFS3385,293,295
ultimateORFS7620,1351
ultimateORFS3207,817
ultimateORFS14041,1620
ultimateORFS2192,161,277
ultimateORFS3427,1449,1450,695
ultimateORFS13644,765
ultimateORFS12493,552,553
ultimateORFS2607,312
ultimateORFS15903,1370,1371,1372,1373,1375,1677,626,627,628,767
ultimateORFS12817,341,342,343,469,470,471,472,619
ultimateORFS13946,126,127,128,129,136,137,1374,1375,1376,1377,1378,1495,51,553,570,571,572,573,783,787
ultimateORFS9411,588,589,590,591,592,593,594,596,599,614
ultimateORFS6916,128
ultimateORFS5580,516,518
ultimateORFS16832,117,125,252
ultimateORFS6180,283,284
ultimateORFS19259,1035,1036,965
ultimateORFS8614,122,123,124,125,126,135,398
ultimateORFS9934,862
ultimateORFS10064,236
ultimateORFS15874,205,206,207,208,209
ultimateORFS13769,1069,1070,1071,1386,1387,1388,1389,315,806,807,808,809,958
ultimateORFS11044,114,115,116,117
ultimateORFS11688,303,304,305
ultimateORFS4249,1735,937,938,939,940
ultimateORFS8631,199,200,201,202,203,204
ultimateORFS17437,401,402
ultimateORFS2679,427,428,429
ultimateORFS10672,1157,1158,1159,1160
ultimateORFS11630,505,506
ultimateORFS7136,265,272
ultimateORFS3290,962
ultimateORFS7430,297,298
ultimateORFS3455,585,586,587,588
ultimateORFS10508,107,108,125,126,96
ultimateORFS12322,64,65,66,67,68,77,78,79,81,82,83,84
ultimateORFS18934,75,76,77,78
ultimateORFS16311,210,211
ultimateORFS4982,1594
ultimateORFS3843,131,133,134
ultimateORFS11994,221,222,223
ultimateORFS4728,365,366
ultimateORFS9464,228,275,276,293,294
ultimateORFS9254,118,119
ultimateORFS18407,334,335,336
ultimateORFS6043,478,479,480
ultimateORFS16257,615
ultimateORFS6721,474
ultimateORFS11662,172,173
ultimateORFS15637,263,264,265,266,289,290,291,292
ultimateORFS1713,215,216
ultimateORFS19475,907,908,909,910,944
ultimateORFS13899,121,122,352,353,355,356,358,359
ultimateORFS16245,463
ultimateORFS18045,4463
ultimateORFS16736,1253,1254,1255,1256,924,925,926,927,928
ultimateORFS7220,660,661
ultimateORFS19285,63,64
ultimateORFS14128,1019
ultimateORFS11805,4937
ultimateORFS15707,287
ultimateORFS10378,112,113,114,115
ultimateORFS11033,493,494,495
ultimateORFS10592,366,367
ultimateORFS15026,352,353
ultimateORFS7081,505
ultimateORFS12121,397
ultimateORFS9513,158,159,236
ultimateORFS10647,697,698
ultimateORFS13904,464,465
ultimateORFS11587,291,292,293,294
ultimateORFS13580,396,397,398
ultimateORFS3186,288
ultimateORFS5743,353
ultimateORFS2535,489,490,491,492,493,531
ultimateORFS16874,123,124,125
ultimateORFS9146,631,632
ultimateORFS8513,296,297,298
ultimateORFS9171,733
ultimateORFS19356,210,211,227,295,296,297
ultimateORFS9784,261,262
ultimateORFS4566,403,404
ultimateORFS18745,251,85,86,87
ultimateORFS8445,342,343
ultimateORFS4464,355,356,357,422,423,480
ultimateORFS16712,559
ultimateORFS12336,270,271,272,86,87
ultimateORFS3983,1691
ultimateORFS3623,415,416,417,714,715,716
ultimateORFS13842,91
ultimateORFS13597,444,445,446
ultimateORFS16533,324,325,640,641,642,643
ultimateORFS12886,293,294,302
ultimateORFS3470,1253,1254
ultimateORFS18952,155,156,157,158,252,253,262,263,264,272,273,274,377,378
ultimateORFS6092,1168,1169,777,778,781,843,844,847,848,849,850,851,863,864,865
ultimateORFS6219,348
ultimateORFS8347,409,414
ultimateORFS11783,288,289,291,292,382
ultimateORFS18534,310,311,312,313
ultimateORFS19212,1421,1528,1529
ultimateORFS7416,1950,1952,1955,1956
ultimateORFS18442,685
ultimateORFS2628,3197
ultimateORFS10661,279,280,281
ultimateORFS19904,633
ultimateORFS15711,168,169
ultimateORFS19575,709,710,711
ultimateORFS13897,575,576,577,578
ultimateORFS4101,662
ultimateORFS9827,477,504,505,506,507,508
ultimateORFS10101,170,171,506
ultimateORFS13511,64
ultimateORFS16484,113
ultimateORFS3947,226,227,253,254,259,260,261,481
ultimateORFS10163,1427
ultimateORFS1254,417,423,424,536,537,561,614,615,775
ultimateORFS18400,1006
ultimateORFS4812,267,908
ultimateORFS10271,476
ultimateORFS5464,501,502,503,504,505
ultimateORFS2378,143
ultimateORFS7451,598,599
ultimateORFS8882,143,145,146
ultimateORFS19430,108,109,148,149,278,309
ultimateORFS13524,911,920,921,922,923,924
ultimateORFS19558,449,450,453,454
ultimateORFS7173,1374
ultimateORFS14617,442,443,444
ultimateORFS12793,1149
ultimateORFS6457,396
ultimateORFS6686,593,594
ultimateORFS14050,446,447,452,453,454
ultimateORFS19346,101,102,99
ultimateORFS9763,199
ultimateORFS15534,174,175,176,216
ultimateORFS15096,211,212
ultimateORFS7344,230,231,232
ultimateORFS15741,155,199,200,201
ultimateORFS9059,372,484,485
ultimateORFS16534,125
ultimateORFS16319,163,164,166
ultimateORFS18759,293,294,295,299,630,631,632,633
ultimateORFS8151,451,452
ultimateORFS16171,196,197,198,199,200
ultimateORFS12990,224
ultimateORFS19496,204,205,206,571
ultimateORFS10252,918,919
ultimateORFS6163,2608,2695,2697
ultimateORFS13657,719,720
ultimateORFS14732,270,274,404,405,406,407,408,725
ultimateORFS10281,553,554,555,556,557
ultimateORFS10254,293
ultimateORFS3582,668,669
ultimateORFS19786,1055,228,229,230,231,306,341,342,343,344,578,579,580,601,602,609,899,900,901,902,903,904
ultimateORFS6493,597,598,599
ultimateORFS16055,271
ultimateORFS2886,1821,1832,1833,738
ultimateORFS14664,101,104,105
ultimateORFS6969,408,409
ultimateORFS14652,461,462,631,632
ultimateORFS11950,283,284,285
ultimateORFS6968,448,449
ultimateORFS7585,309,604,605,606
ultimateORFS5734,429
ultimateORFS7423,140,141,208,286
ultimateORFS10792,212
ultimateORFS8140,316,354,355,356,376,377,378,446,447,448
ultimateORFS1758,1052
ultimateORFS5226,248,249
ultimateORFS7068,366
ultimateORFS18942,503,504,505,506,507
ultimateORFS19353,80,81
ultimateORFS13268,59
ultimateORFS7915,242,243,246
ultimateORFS5375,607,608,609,610,611
ultimateORFS17537,133,134,135,136,137
ultimateORFS14096,388
ultimateORFS16252,1486,1487,149,152,153,1670,1671,1672,591,592,819
ultimateORFS1537,530,531
ultimateORFS1336,222,223
ultimateORFS14032,202,203,261,262,263
ultimateORFS18738,287
ultimateORFS8353,569,570,571,572,634
ultimateORFS7257,1043,1044,115,149,150,151,504,506,758,788,789,927,928,950,951,954,989,990,991,992
ultimateORFS10764,131,270,298,299,300
ultimateORFS11827,914,915,916
ultimateORFS8261,303
ultimateORFS4912,193,194,195
ultimateORFS16021,145,148
ultimateORFS1194,216,284,285,507,508,514,744,745,748,749,750
ultimateORFS7998,267,268
ultimateORFS8420,312,340,341
ultimateORFS10099,503,504,505,507
ultimateORFS18378,368
ultimateORFS7062,276
ultimateORFS5714,679,861,862,987,988,989,990
ultimateORFS18050,399,400,401,402,663
ultimateORFS12737,291,292,293,449,504,505,506,74
ultimateORFS15398,61,62
ultimateORFS1643,520,521,522
ultimateORFS6875,519
ultimateORFS19527,112,113
ultimateORFS13920,94
ultimateORFS11129,573,574,575
ultimateORFS13872,254,255,256,257,259,261,300,301
ultimateORFS1271,245
ultimateORFS16512,85
ultimateORFS16293,303
ultimateORFS16768,253,254,255,256
ultimateORFS5015,1448
ultimateORFS12092,2321,2357
ultimateORFS6210,825
ultimateORFS5393,562,563,734,790,791
ultimateORFS14137,985
ultimateORFS15730,115,116,117,118,185,186,187,359,360,361,376,380,381,382,383,386,387
ultimateORFS8269,327
ultimateORFS16703,230,231,232,233,343,344,345,346
ultimateORFS11559,2378,2417,2418,2420
ultimateORFS9329,173,325,326,327,328,329,332
ultimateORFS19040,211,212,292,293,294,309,310
ultimateORFS10964,285
ultimateORFS7075,222,227,228,229,234,454,456
ultimateORFS15268,559,560
ultimateORFS12904,113,114,349,350
ultimateORFS12257,442,443,444,445,446,766
ultimateORFS5363,1821,1824,1825,1843,1844,1845,231,2479,2480,2481,311,312,453,454,738,739
ultimateORFS16295,1241,1242,1243,1244,1360,1364,1551,605,609,610,665,763,923,924,925,926,927
ultimateORFS11040,296
ultimateORFS8623,303,304,305,404,405
ultimateORFS1906,1145
ultimateORFS2327,341
ultimateORFS16813,137,138,139,140,205,206,207,208,209,400,401
ultimateORFS7005,517
ultimateORFS4562,130,131
ultimateORFS7254,149,150,151,187
ultimateORFS14025,87,88,89
ultimateORFS19812,129,77,78,79,80
ultimateORFS8305,1037,1038,1039,1041,1043,1044,1045,1073
ultimateORFS9569,493
ultimateORFS19665,711,712,715,716,717,718
ultimateORFS6162,1330,1331
ultimateORFS10308,173,174
ultimateORFS8844,1101
ultimateORFS12358,53
ultimateORFS3041,1140
ultimateORFS9783,288,289,290,291,292
ultimateORFS19001,124
ultimateORFS7399,238,338
ultimateORFS18554,74
ultimateORFS5395,733,734
ultimateORFS1613,878
ultimateORFS13962,1106,1107,944,947,948
ultimateORFS3213,231,232
ultimateORFS3643,677
ultimateORFS13569,80
ultimateORFS16144,111,112,113,80
ultimateORFS8067,1286
ultimateORFS6566,291,292,388,389,390,396,397,398,399
ultimateORFS8556,1704
ultimateORFS19087,70,71,72,73,74
ultimateORFS6217,256
ultimateORFS9095,1060,1061,1062,372,529,530,531,532,679,688,705
ultimateORFS4831,322,366,367,381,382,384
ultimateORFS5290,153,154,155,156
ultimateORFS12135,131
ultimateORFS19551,280,281
ultimateORFS13698,503
ultimateORFS14118,1960
ultimateORFS13100,135,136,137,138
ultimateORFS14204,70,79,81,82,83
ultimateORFS17094,1597,1600,1601,1602,922,923,924,962,963
ultimateORFS8533,136
ultimateORFS17491,1851
ultimateORFS5741,209,214
ultimateORFS15559,964,965,966
ultimateORFS19008,283,284,285,286
ultimateORFS6279,842,843,844
ultimateORFS2463,833,834
ultimateORFS15962,297,601,602,677,683
ultimateORFS15815,510
ultimateORFS2102,548
ultimateORFS13036,140,141
ultimateORFS19522,265,266,273
ultimateORFS9399,198
ultimateORFS3087,375,377
ultimateORFS3179,243,244,245,246,425,427
ultimateORFS2983,216,381,382,81
ultimateORFS10106,103
ultimateORFS15912,183,184,185
ultimateORFS11169,157,158
ultimateORFS1145,1892,1893,872,873,957,986
ultimateORFS11577,193,194
ultimateORFS16771,313,314,81,82,83
ultimateORFS13045,1199,1200,1705,854,855,856,857
ultimateORFS13555,142,269,270,282,283,284,584,585,586,587,588
ultimateORFS10991,196,197
ultimateORFS19400,243,246,247
ultimateORFS19746,318,319,320
ultimateORFS9403,1206,1208,1209,1680,1686,1687,1691,1769,2084
ultimateORFS10610,1118,1119
ultimateORFS17515,2001,2002,2003,2004,2005,3794
ultimateORFS4760,1126,875,887
ultimateORFS19358,76
ultimateORFS13772,131,132,138,155
ultimateORFS18542,211,212,313,314,315,316,317,354,469,470,471,708,709,710,711,712,720,721,737,738,739,746,747,748,749,750
ultimateORFS5110,358
ultimateORFS18254,1020,1021,1022
ultimateORFS11586,1044,1045,1046,1047,1076,1077,1078
ultimateORFS2602,469,470,471
ultimateORFS12356,402,403,404,405
ultimateORFS8779,526,527
ultimateORFS6343,201,202
ultimateORFS13661,266,267,268,269,473,480,707,708
ultimateORFS2241,442,443,494
ultimateORFS12796,409,410
ultimateORFS19529,60,61,72
ultimateORFS10107,436
ultimateORFS16508,731
ultimateORFS8704,286,287,288
ultimateORFS3968,1106,1107
ultimateORFS12371,1668,1723,1724,1735,1753,1754,1755,1756,1842,1843,1844,1845
ultimateORFS16881,231,232,233
ultimateORFS3214,399
ultimateORFS1239,1288,1289
ultimateORFS16903,323,342,343,344,345,346,347,348,349,350,351,352,353,360,362,363,364,365,377,378
ultimateORFS13983,298
ultimateORFS8063,291,292,298
ultimateORFS15817,166,167,168,169,171,172,173,174,175
ultimateORFS9444,471
ultimateORFS5638,183
ultimateORFS18576,262
ultimateORFS18389,152,153,180
ultimateORFS6178,421,422
ultimateORFS1538,409
ultimateORFS16421,329,330,331,364,365,405,642,643
ultimateORFS15816,104,105,107,108
ultimateORFS16552,668
ultimateORFS5157,989
ultimateORFS19495,153,308,309,310,311,312,515,516
ultimateORFS1693,1780
ultimateORFS4273,758,791
ultimateORFS19376,756,760
ultimateORFS13231,976
ultimateORFS15411,150,157,158,159,160,94
ultimateORFS2635,898,899
ultimateORFS4823,554,588
ultimateORFS16704,72,73,74
ultimateORFS14071,134,135,136
ultimateORFS7224,2719,2721,2737,2904,2914,2915
ultimateORFS5260,143,144
ultimateORFS1738,471
ultimateORFS11206,1003
ultimateORFS15105,494,784,785,835
ultimateORFS17019,404
ultimateORFS18793,496,497,498
ultimateORFS9456,318,319
ultimateORFS19148,307
ultimateORFS2085,312,313,314
ultimateORFS15323,154,155,156,178
ultimateORFS14973,439,440,441,442,703
ultimateORFS9355,1134,1135
ultimateORFS6340,220,223,224,225
ultimateORFS19236,447,448,449,450
ultimateORFS11430,535,536
ultimateORFS16489,385,386,501,630,631
ultimateORFS9154,3682,3683,3705,3706,854,855
ultimateORFS18988,322,323,324,325
ultimateORFS7388,554,555,556
ultimateORFS2534,612
ultimateORFS4061,313
ultimateORFS15832,69,99
ultimateORFS7950,374,375,376
ultimateORFS13767,248,249,250,350,351,352
ultimateORFS1817,571,572,573,574
ultimateORFS15743,248,249
ultimateORFS1820,317
ultimateORFS3074,1238,1239
ultimateORFS15836,667,668,669
ultimateORFS1644,217,237
ultimateORFS12932,1025,1205,1206,1207,1208,1484,1485,711,712,715,878,879
ultimateORFS11261,214,215,216
ultimateORFS5757,1419,1420,602,603,660,661
ultimateORFS19761,132,133,134
ultimateORFS10590,1024,1025,1026,1385,1670,1671,1951,1952,575,986
ultimateORFS1953,939,942,943
ultimateORFS9345,168
ultimateORFS7278,483
ultimateORFS11091,1000,1015,1016,1606,1607,998
ultimateORFS4810,334
ultimateORFS13965,1281,1282,1318,1319,1320,1321,910
ultimateORFS19536,161
ultimateORFS19564,94
ultimateORFS5430,1263,1265,1268
ultimateORFS9261,287,288,289
ultimateORFS19143,1079,1080,1081,258,286,287,288,289,785
ultimateORFS3471,1126,1127,1128,523
ultimateORFS4268,1155,1156
ultimateORFS18850,100,101,103,179,180,181,99
ultimateORFS16101,516,517,518,519,522
ultimateORFS6030,365,366
ultimateORFS18969,294,295,296,297,298,385,386
ultimateORFS8255,292
ultimateORFS12047,231
ultimateORFS14046,637,772,773,774,898,899,900
ultimateORFS8724,270,271
ultimateORFS14661,284,285,292,293
ultimateORFS5667,273,274
ultimateORFS18503,1866,1867,1868,2054,2055
ultimateORFS19410,273
ultimateORFS8299,328,329,330
ultimateORFS19065,420,421,422,423,426
ultimateORFS18983,332,433,434,597
ultimateORFS11095,542
ultimateORFS7233,329,330,331
ultimateORFS16526,697,698,699
ultimateORFS18305,118,119,120
ultimateORFS5514,120
ultimateORFS3687,455,456,457,458
ultimateORFS13503,230
ultimateORFS13484,226,227
ultimateORFS19818,468,469
ultimateORFS19284,140,177,178
ultimateORFS11966,231,609,610,611,612
ultimateORFS10777,1226,1227,1228
ultimateORFS4994,473,474,475
ultimateORFS18040,175,176,177
ultimateORFS5914,324,326
ultimateORFS6152,258
ultimateORFS9466,142,143,144,145,272,274,275,276
ultimateORFS5862,499,500,501
ultimateORFS3431,1067,1598,1599,483,484
ultimateORFS8066,827,829,830,831
ultimateORFS16154,802,804,805,806,807
ultimateORFS19548,616,617
ultimateORFS11122,236,237,716
ultimateORFS2461,370,371
ultimateORFS16124,335,336,337,338
ultimateORFS19092,365
ultimateORFS16136,1154,1155
ultimateORFS11105,265,378,404,405,425,428
ultimateORFS19397,156,157,158,166,167
ultimateORFS13562,700,723
ultimateORFS2448,354
ultimateORFS14143,2193,2195,2196,2197
ultimateORFS16574,231,232,233
ultimateORFS11023,156
ultimateORFS1408,1436,1768,1783
ultimateORFS16292,510,511,512,513,514,676,677,678,679,680
ultimateORFS16648,1751,1965,780,781
ultimateORFS13613,525,526,558
ultimateORFS12719,690,691,692,693,694
ultimateORFS16182,576,587,588
ultimateORFS11377,261,262,263
ultimateORFS4732,635,655,656,657,658,659
ultimateORFS13931,308,423,534,535,536,537
ultimateORFS8547,159,160
ultimateORFS2225,651
ultimateORFS5013,485
ultimateORFS6387,273
ultimateORFS18319,780,781
ultimateORFS17200,213,214,215,218,371,372,373
ultimateORFS11061,149,152,260,261,262,263,276
ultimateORFS2732,1035
ultimateORFS19306,293,294,295,296,299
ultimateORFS19190,245,246,492,493,662
ultimateORFS16192,464,465,466,507,508,509
ultimateORFS15996,193
ultimateORFS16543,473
ultimateORFS7940,619,620,621
ultimateORFS16561,60,61,62,72,73,74,75
ultimateORFS14706,414
ultimateORFS7868,261
ultimateORFS1228,470
ultimateORFS3513,567
ultimateORFS5566,246,248
ultimateORFS2819,189,190
ultimateORFS5129,435
ultimateORFS5003,121,122,123,125,201,293
ultimateORFS8581,1975
ultimateORFS8527,1066
ultimateORFS18774,498,499,501
ultimateORFS6698,224,229,230,231
ultimateORFS19133,193,568,569,570,571,572,573,574,656,657,674,675,676,677,678,765,766,767
ultimateORFS8740,513,514,515,782
ultimateORFS3460,109,110
ultimateORFS19118,69
ultimateORFS1067,2018
ultimateORFS13954,500,501,93
ultimateORFS4913,328,329
ultimateORFS15977,1594,1595,1596,440,441,442,446,551,552,553,554
ultimateORFS13470,200,201,202,221,222,252,253,273,274,322,323,324,325,366,367,368
ultimateORFS9574,610,611,612
ultimateORFS2595,1317,1318,1319
ultimateORFS15735,130,82,83,84,85
ultimateORFS13222,520,521,522,523,524
ultimateORFS14462,392,393
ultimateORFS10662,196,197,198,199,264,265,266,267
ultimateORFS1288,668,669
ultimateORFS6957,1131
ultimateORFS1400,500,505,506,591,592,593,594,780
ultimateORFS1366,523
ultimateORFS10108,134,135,137,138,139
ultimateORFS4765,207,209,210
ultimateORFS19321,229,230
ultimateORFS12938,191
ultimateORFS10832,490,492,493
ultimateORFS9916,2249,2250
ultimateORFS3375,1424,1425,1426
ultimateORFS4388,1549
ultimateORFS19027,64,65,66
ultimateORFS14052,319,320
ultimateORFS16604,61,62,63,64,66
ultimateORFS9419,127,128,204,205,206,207,208,209
ultimateORFS12832,1000,1001,588,678,997,998,999
ultimateORFS1755,584,586
ultimateORFS10655,157,158,1627,1628,1629,1630,1906,1962,1963,200,201,202
ultimateORFS15351,173
ultimateORFS15504,163,164,165,166
ultimateORFS16399,1036,261,262,263
ultimateORFS6644,191,747,748
ultimateORFS3304,174,572
ultimateORFS10807,183,185,334,335,336,337,876,877
ultimateORFS10634,126
ultimateORFS2333,2178,2179,2180,2181
ultimateORFS4698,472,487,488
ultimateORFS14826,334,335,336
ultimateORFS19808,352,353,354,355
ultimateORFS16555,241,242,243,244
ultimateORFS7083,611,612
ultimateORFS7175,105,106,90,91
ultimateORFS16128,502,503,504,579,654
ultimateORFS6869,530,823,824,826,827,828,830,831,834,835
ultimateORFS6203,231,232,243,247
ultimateORFS18307,489,490,491
ultimateORFS4295,1192,1193,1194
ultimateORFS17562,108,109
ultimateORFS2574,250,423,426,427
ultimateORFS13881,457,458,459
ultimateORFS5829,1149,1201,1202,1567
ultimateORFS2306,381,385
ultimateORFS8745,1018,1019,1020,1021,1024,1025,1026,844,942,943
ultimateORFS19751,1084,1142,1143,1144,1145,1146
ultimateORFS7763,1868,1869
ultimateORFS8662,1390
ultimateORFS3065,1014,1015,1016,1018,933,981,982
ultimateORFS5894,268
ultimateORFS14151,155,156,267,268
ultimateORFS11535,175,176,177
ultimateORFS13024,1643
ultimateORFS6051,120,121,127
ultimateORFS5788,1101
ultimateORFS17480,112,113,114,115,116,325,326,327,328,329,330,331,332,333
ultimateORFS14076,188,723,724,725
ultimateORFS7039,342,343,345,346,347
ultimateORFS14741,294,295,296
ultimateORFS8763,439,440,443
ultimateORFS4396,2903,2904,2905,2906
ultimateORFS2423,806,807
ultimateORFS8795,351,534,535
ultimateORFS7667,164,165
ultimateORFS8414,1283,1284,1285
ultimateORFS16821,197,322,323
ultimateORFS14012,398,399,400,404,405,406,407,412,413
ultimateORFS3376,579,580
ultimateORFS18220,288,289,290,291,292,293
ultimateORFS13686,156,160,163,164,175
ultimateORFS6607,427,428,429,475,476,485,495
ultimateORFS10603,3641,3642,3643,3645,3975,3976
ultimateORFS19650,1184,1254,1515,1516,1517,1593,1594,1595
ultimateORFS13227,258,259
ultimateORFS13416,191,192,193,194,195
ultimateORFS14697,357,358
ultimateORFS11135,1286,1287,1487,1502,1778,1780,602,603,783,799
ultimateORFS4710,449
ultimateORFS5592,586
ultimateORFS5774,757,761
ultimateORFS8695,297
ultimateORFS19268,261
ultimateORFS16478,311,312,313,314,315,504,505
ultimateORFS19347,333,336,337
ultimateORFS16225,589,592
ultimateORFS7576,181,182
ultimateORFS14139,236,729
ultimateORFS13637,489
ultimateORFS8733,796
ultimateORFS15911,158,275,276
ultimateORFS10742,118,119,248,249,88,89
ultimateORFS16562,135,136,137
ultimateORFS12304,143,144,145,795,796,797
ultimateORFS9280,912
ultimateORFS13918,1111,1112,1113,1114,189,190,221,222,223,338,339,340,645,649,784,785
ultimateORFS10258,1406
ultimateORFS2525,1098,1101,1424,1425,1426,1480,1481,1563
ultimateORFS16327,964,965
ultimateORFS4274,1364
ultimateORFS12359,267,268
ultimateORFS15580,97,98,99
ultimateORFS6532,469
ultimateORFS15879,297,307,308,309,310
ultimateORFS8006,153
ultimateORFS3396,383,384
ultimateORFS19340,234
ultimateORFS19154,172,178
ultimateORFS8684,381,383
ultimateORFS16692,693
ultimateORFS8738,751,752
ultimateORFS18465,1601,368,369,370
ultimateORFS3737,168,172
ultimateORFS7371,470,471,474,475
ultimateORFS16587,1935,1937,1938,1939,1940,825,826,827
ultimateORFS19708,53
ultimateORFS10598,694,695,696,697,727
ultimateORFS8053,1662,228,231,232
ultimateORFS9313,198,200,201,346,347
ultimateORFS3272,997
ultimateORFS6732,501,905,906,907,908,909
ultimateORFS18918,134,135,413,414,415,416,462,463,464,465,466,729,730,731,732
ultimateORFS14624,1116,140,602,603,604,605,606,609,610,755,756,757,935,942,943,944,945
ultimateORFS2310,349
ultimateORFS8471,90,91,92,97
ultimateORFS12729,1050,1051,600,601,602,603,609,612,613,685,686,687,693,694,696,939,940,941,945
ultimateORFS19367,2058,2059,2060,2061,2091,2092,2093,2095,2096,2097,2098,2099,490,491,508,509,510,511,512,519,520,830
ultimateORFS19797,483,484,578,579,580
ultimateORFS19510,408,409,410,411,412,419
ultimateORFS12352,100,106,97,99
ultimateORFS9151,1473,1475,1476
ultimateORFS8235,236
ultimateORFS19752,230,231,232
ultimateORFS16419,616,619,620,621,622,623
ultimateORFS5802,1261,1262,1263,304,887,888
ultimateORFS12111,195,196,197,201,834,835,837
ultimateORFS12854,354,355,356,357
ultimateORFS18932,139
ultimateORFS7046,278,279,280,281,282
ultimateORFS18560,149,150
ultimateORFS7342,1059,1060,881,882,884
ultimateORFS13437,271,272,415,416
ultimateORFS10167,453,878,905,906
ultimateORFS10371,543,544,820,821
ultimateORFS14647,182
ultimateORFS18979,409,410,411
ultimateORFS3684,817
ultimateORFS5791,1031,1044,1045,1228
ultimateORFS4574,175,176,177,178,179
ultimateORFS2460,359
ultimateORFS1725,163
ultimateORFS6067,1328,1329
ultimateORFS11114,1024
ultimateORFS6557,164,366,367,371,372
ultimateORFS7107,168,169,170,171
ultimateORFS15198,478,479,481,482
ultimateORFS11041,246,459,460,461,462,463,466
ultimateORFS5035,1085,1118,1119,1121,427,435,570,571,752,753,754,755
ultimateORFS11604,321,322,323
ultimateORFS16180,94,95,96
ultimateORFS19517,105
ultimateORFS9003,650,651,774,775,809
ultimateORFS12840,840
ultimateORFS5186,240,241
ultimateORFS10695,1021,1022,1023
ultimateORFS16181,1098,1099,1100,1101,1102
ultimateORFS19674,122,123,124,125,126,605,90,91,92,93
ultimateORFS11997,189,190,191
ultimateORFS11131,136,137,138
ultimateORFS10121,102,103,104,105,115
ultimateORFS9761,253,256,257,269,314,315,316,317,318
ultimateORFS11084,461,462
ultimateORFS11125,1004
ultimateORFS10284,220,297
ultimateORFS16824,917
ultimateORFS17971,350,351,352
ultimateORFS7888,636,637,639
ultimateORFS9038,2244,2245,524,613,614,615,616
ultimateORFS11574,1186,1187,1261,635,636
ultimateORFS6870,718
ultimateORFS11360,121,122
ultimateORFS19649,688,689,690
ultimateORFS19151,1144,1145,1146
ultimateORFS14006,138,139
ultimateORFS2771,786
ultimateORFS3725,940,941
ultimateORFS13697,688,689,690
ultimateORFS5029,261
ultimateORFS1951,312
ultimateORFS6216,116,117,118,119,120
ultimateORFS11173,345,346,845,846,847,853,854,855,856,857,858
ultimateORFS14039,197,198,391,392,486,487,488,489,491,862,869,870,871,872,873,882,883,884,885,886
ultimateORFS8727,489,490,607,608
ultimateORFS8271,750,751,752,753
ultimateORFS5975,664,665,666
ultimateORFS19778,459,509,510,511,512,513,597,598,599
ultimateORFS2801,455
ultimateORFS16332,2183,2184,2185,2186,2338,2339,240,241,242,2883,325,514,516,517,814,942,943,944
ultimateORFS2591,1110,1114,528,529
ultimateORFS18565,589
ultimateORFS7710,354,355,356,357,358
ultimateORFS12129,425,427
ultimateORFS6658,827,828
ultimateORFS6543,469,476
