ultimateORFS5423,450
ultimateORFS3576,327
ultimateORFS19084,94,95
ultimateORFS11622,1144,1146
ultimateORFS7803,719,720
ultimateORFS14111,1973,1974
ultimateORFS15502,544,545,743,744
ultimateORFS15040,800,801,824
ultimateORFS2425,636,639,761
ultimateORFS7702,1062,1063,1064
ultimateORFS4285,159
ultimateORFS6883,463,464,510
ultimateORFS1636,437,438
ultimateORFS3595,673,674,675,676
ultimateORFS2530,276,376
ultimateORFS19735,1230,1231,1232,1233,1467,1470,2122,2123,2124,2125,2126,326,327,328,329,330
ultimateORFS8570,146,951,952,953
ultimateORFS10968,529,530
ultimateORFS12019,607
ultimateORFS19199,150,151,152,153,154
ultimateORFS10632,210,212,215,217,219
ultimateORFS1914,1098,1099,776,777,778,779,780,781,799,851
ultimateORFS8467,100,99
ultimateORFS5755,974,975
ultimateORFS16781,100,101,102,103
ultimateORFS3012,868
ultimateORFS9370,181,229
ultimateORFS2390,266,279,280
ultimateORFS10820,741,743,744
ultimateORFS4696,276,277
ultimateORFS2770,202,203,205,225
ultimateORFS1670,1077,1078,1079,1080,1081,1082,1083
ultimateORFS8554,315,316,392,394,395,447,449
ultimateORFS4275,397,465
ultimateORFS9768,250
ultimateORFS12761,341,342
ultimateORFS2004,530,531,532,534
ultimateORFS6416,560,562,563
ultimateORFS6122,1253,1254,1255,1908,1909,1927,1928,1962,1963,2114,2115,2116,2117,2119,2295,2372,2383
ultimateORFS14009,265,266,267,268
ultimateORFS7098,505
ultimateORFS19044,1256,1413,1414,2076,2077,2078,2079,2080,286,287,288,681,682,683,727,728,771,772,773,774,876,897,898
ultimateORFS4516,405
ultimateORFS9256,292
ultimateORFS19288,170
ultimateORFS10220,503,504
ultimateORFS7089,647
ultimateORFS19417,1837
ultimateORFS18920,269,270,271,272,273
ultimateORFS9358,488,489,490,491
ultimateORFS5953,243
ultimateORFS12764,427,918
ultimateORFS6090,212,213,214,468,472,473,477
ultimateORFS16040,1114
ultimateORFS3286,1208
ultimateORFS3467,744,745,746,765,766
ultimateORFS7443,1035,1099,1100,1152,1153,1369,1525,1526,1537,967
ultimateORFS19794,245,246,247,248,249,274,279
ultimateORFS3069,249
ultimateORFS9145,343,345,482
ultimateORFS1472,646,647,648,649
ultimateORFS2723,872,919
ultimateORFS12191,91
ultimateORFS9388,1090,1091,1116,1117,495,496,497
ultimateORFS13958,181,182,183,505,506,613,614,615,616,617
ultimateORFS5492,153,154,155,156,157,398
ultimateORFS18552,211,212,213,214
ultimateORFS11063,527,530,531
ultimateORFS6410,395
ultimateORFS9125,365,366,368,655,656
ultimateORFS6309,1017,1018
ultimateORFS8246,905,906,907,908,991,992
ultimateORFS4835,624,625,765,773,774
ultimateORFS1622,564,975
ultimateORFS5099,103,98
ultimateORFS9152,213,214,215
ultimateORFS8676,234,235,236,237,238
ultimateORFS5175,413
ultimateORFS19811,655,656,657
ultimateORFS6676,1219,1220
ultimateORFS14738,702,703,704,705
ultimateORFS12333,105,106,107,179,180
ultimateORFS5892,224,225,226,616,617,618
ultimateORFS5214,1184,1185
ultimateORFS9449,858,859,860
ultimateORFS19771,290
ultimateORFS9373,865,866,868,869
ultimateORFS13959,297,298,573,574
ultimateORFS14073,580,581,586,587
ultimateORFS1972,182,207,214,226,253
ultimateORFS13488,161,374,398
ultimateORFS6604,1426,1466,1467,1468,1469,653,654,655,656,729,730,733,734
ultimateORFS10379,552,553
ultimateORFS19643,1065,1066,1067,1068,1590,1591,1592,1593,1594,1596,1597,1598,1599,1627,1628,1629,168,1684,1685,1686,1687,169,1705,1706,1707,264,266,267,268,388,389,390,391,470,471,472,549,550,552,553,729,730,758,759,760,761
ultimateORFS6634,622
ultimateORFS19740,263
ultimateORFS19730,547,548,567
ultimateORFS6796,137,138,139
ultimateORFS6336,253
ultimateORFS16554,319
ultimateORFS13689,419,420,421
ultimateORFS2735,175
ultimateORFS16702,263
ultimateORFS7645,125,135
ultimateORFS1078,561,675,677,678
ultimateORFS12874,441,442,443,589,590
ultimateORFS2561,124,126,127,144,239,240,309,310,365,366,367,368,369
ultimateORFS19540,342,360,361,362
ultimateORFS4858,307,308
ultimateORFS18567,210
ultimateORFS6207,931
ultimateORFS10612,266,267,269,270
ultimateORFS19854,201,202,203,238,239
ultimateORFS16896,357
ultimateORFS16675,264,265
ultimateORFS4181,586,587,588
ultimateORFS1691,1139,1140,857,858
ultimateORFS16759,794
ultimateORFS6959,193,194,195,198,199
ultimateORFS16690,316,317,318
ultimateORFS11592,234,302,303,304,305,306
ultimateORFS19472,118,119
ultimateORFS4581,1216,169
ultimateORFS5879,541,542,560,794,795,796
ultimateORFS9023,240,271,272,273
ultimateORFS3830,167,168,169,170
ultimateORFS5205,602,603,950,992
ultimateORFS19192,478,479,480,481,515,516
ultimateORFS2575,1530,1531,1532
ultimateORFS16224,2304
ultimateORFS5793,137,141,469
ultimateORFS5646,1231,1232,1517
ultimateORFS19749,1222,1223,1224,1497
ultimateORFS1961,562,573
ultimateORFS4220,1042
ultimateORFS8781,389,390
ultimateORFS1607,232,233,260,261,262,269,272
ultimateORFS12098,696
ultimateORFS10156,794,795,796
ultimateORFS1285,174,203,220,229,389
ultimateORFS2105,635,636
ultimateORFS2510,1328,1344,1361
ultimateORFS19555,210,211,419,92,93,94,95
ultimateORFS7079,111,112,446,447,448,449,468,469,470,471,647,719,721,722,88,89
ultimateORFS5729,325,326
ultimateORFS4887,1146,1147,460,461,462,463,464
ultimateORFS4906,260
ultimateORFS1803,565
ultimateORFS1656,1383,1485
ultimateORFS4714,939
ultimateORFS1660,154,155,296,297,306,307
ultimateORFS4520,911,912,945,991
ultimateORFS12989,1262
ultimateORFS6196,1338
ultimateORFS7561,2011
ultimateORFS19422,276,278,280,282
ultimateORFS9520,1593,1594,1595
ultimateORFS1300,422,501,559,560
ultimateORFS1191,1040,846,847
ultimateORFS4727,179,180,182,183
ultimateORFS8693,374,615,616,617,632,633,712,713,716,719
ultimateORFS2207,587,588,589,649,650
ultimateORFS2397,1445
ultimateORFS4759,136,137,512,606,94
ultimateORFS6362,520,634
ultimateORFS7656,1695,1696,1827,1828,1834
ultimateORFS1307,405,434,435,772,773,776,777
ultimateORFS3143,243
ultimateORFS1615,182
ultimateORFS8291,160,161,221,224,225
ultimateORFS7694,242,243,253,254,544,545,556,557,558,559
ultimateORFS19764,297,510,511,512,513,704
ultimateORFS4082,165,166,591,640,641
ultimateORFS7661,103,181,184,304,65
ultimateORFS6612,1170,1171,944
ultimateORFS3091,189,545,592
ultimateORFS10058,1128,1129,1130,928,929
ultimateORFS19039,129,130,131,211,212,213,214,294,409,410,411,412
ultimateORFS8440,234
ultimateORFS9337,122,123,125,126
ultimateORFS8458,114,115,93
ultimateORFS6858,304,305
ultimateORFS3935,350,351
ultimateORFS10068,448
ultimateORFS16188,51
ultimateORFS8245,628,632
ultimateORFS16277,254,255,256
ultimateORFS18972,397
ultimateORFS5387,1007,1008,1020,1021,2499,2784,280,281,699,792,793,800,819,820
ultimateORFS4066,293,294
ultimateORFS2254,452
ultimateORFS3822,1104,1105
ultimateORFS12907,210
ultimateORFS19182,529,530,531,534
ultimateORFS4985,1426,1427,1428,1429,1845,3220,3493,822,823,824
ultimateORFS10594,180
ultimateORFS5540,356,357,377,378
ultimateORFS10033,104
ultimateORFS4212,418,419,595,596
ultimateORFS3090,692,693
ultimateORFS9378,598,599
ultimateORFS9274,115,116,126,127,529
ultimateORFS19456,123,124,125
ultimateORFS4473,885
ultimateORFS7347,457,458,459
ultimateORFS2532,550,596,597
ultimateORFS19119,217,220
ultimateORFS5446,128
ultimateORFS5974,917,918
ultimateORFS4142,560
ultimateORFS1704,401,402,439,440,536,537
ultimateORFS15948,278,279,280
ultimateORFS1138,364,365,368
ultimateORFS7629,166,167
ultimateORFS1924,1275,1282,1283,1292,1294,1295,1301,2152,2153,2171,2172,2271,674,675,676
ultimateORFS15340,204
ultimateORFS6534,474
ultimateORFS19371,839,842,843,844
ultimateORFS13876,296
ultimateORFS2990,454
ultimateORFS2069,400,401
ultimateORFS8782,189
ultimateORFS18433,71
ultimateORFS19773,224,225,226,295,296,297,298
ultimateORFS10335,113,114,129
ultimateORFS4780,1168,1306,602,926
ultimateORFS4661,353,354
ultimateORFS1709,687
ultimateORFS8689,1113,1114,1601,1602,1603,1645,1701,1703,1704,1773,189,197,219
ultimateORFS8703,253,254,255
ultimateORFS10362,138,139
ultimateORFS11948,434
ultimateORFS6921,1080,1081,805,806
ultimateORFS19747,353,354,355
ultimateORFS6233,484,485
ultimateORFS19763,175,176,316,317
ultimateORFS1748,723
ultimateORFS19364,406,407,408
ultimateORFS14736,316,317
ultimateORFS4506,1008,1294,1295,1296,2135,549,550,728
ultimateORFS4214,762
ultimateORFS1451,151
ultimateORFS1438,500,501
ultimateORFS13521,1108,1109,1110,1112,1183,1332,1334,1335,1336,801,803,804,805
ultimateORFS2885,1064
ultimateORFS4025,163,172,173,197,198,199
ultimateORFS2044,474,475,727,728,835,880,881
ultimateORFS10854,959,960
ultimateORFS19344,162,163,164,196,273,274,275
ultimateORFS19721,119,120,188,189,190
ultimateORFS4035,1160,1350
ultimateORFS12726,96
ultimateORFS7157,221
ultimateORFS9382,624,626,627,628,629
ultimateORFS19804,87,88
ultimateORFS8033,302,313
ultimateORFS10346,246,247,292,293,294,295
ultimateORFS4531,307,308,401,402,451,527,530,531
ultimateORFS4359,276,277
ultimateORFS1984,920,921
ultimateORFS15315,2165,553,943,944,974
ultimateORFS11831,393,394,404
ultimateORFS9473,1584
ultimateORFS8302,521
ultimateORFS2277,673,674,675
ultimateORFS11004,313,314,315
ultimateORFS18523,127,128,129,130,131
ultimateORFS2772,1338,1341
ultimateORFS14142,252,253
ultimateORFS5995,153,154
ultimateORFS4871,485,486,491,492,493
ultimateORFS1863,271,272,385,431,432
ultimateORFS19448,389,390,391,392
ultimateORFS1131,629,694,695
ultimateORFS12834,557,558
ultimateORFS12340,262,263
ultimateORFS3611,2038,2088,2822,2823,2824,2825,2826,2947
ultimateORFS5019,1097,1098,1099,1100,1101,2649,2650,3164,3165,3166
ultimateORFS1700,462,472
ultimateORFS19836,249
ultimateORFS6734,411
ultimateORFS5452,550,551
ultimateORFS7469,622,623,624
ultimateORFS10600,396,397,398,399,543,677,680,681
ultimateORFS16830,268,269
ultimateORFS13993,1550,1552,187,188,189,2100,2101,2102,2103,2104,212,219,2190,2191,220,294,295,3422,3423,3424,3609,3610,754,755,937,938,939
ultimateORFS12102,156
ultimateORFS4435,231
ultimateORFS7125,114,115,1179,1180,511,512,513,514,910,911,912,915,916
ultimateORFS3200,1051,1052,1191,1192,224,225,253,254,255,955,956
ultimateORFS13871,125,126,127,130,131
ultimateORFS16822,246,247,505
ultimateORFS9376,504,505
ultimateORFS5005,1147,1148,1192,1200,253,254,418,419,420,421,422,656,657,761,763,764
ultimateORFS9525,631,632
ultimateORFS11067,619,620
ultimateORFS12090,299,300,337,387,414,415
ultimateORFS19086,465
ultimateORFS5870,381,382
ultimateORFS12744,207,208,209,210
ultimateORFS7127,643
ultimateORFS15974,1067
ultimateORFS16266,217,218
ultimateORFS4420,612
ultimateORFS4079,602
ultimateORFS14122,483,484
ultimateORFS7982,780,808
ultimateORFS5141,131,132,133,134,135
ultimateORFS6141,1634,1635
ultimateORFS6395,228,229,230
ultimateORFS5770,402,403,404,755
ultimateORFS1486,203
ultimateORFS8625,208,209,210
ultimateORFS4111,263,264
ultimateORFS10983,249,250,251
ultimateORFS2659,1158,1346,1420,1462,1477
ultimateORFS11075,379,381,382,383
ultimateORFS1207,1327,1328,1388,1431
ultimateORFS5251,431,514,515,740
ultimateORFS19145,334,337
ultimateORFS12316,193,194,195,706
ultimateORFS4419,151,152
ultimateORFS1874,1185,1186,1189,609,803,804
ultimateORFS1505,434,542
ultimateORFS13635,289,290,291
ultimateORFS3768,1389,1390,1391,1392,1393
ultimateORFS3548,424
ultimateORFS2978,244
ultimateORFS3166,239
ultimateORFS2938,526
ultimateORFS5006,1109,1110
ultimateORFS5855,914,970,979,980
ultimateORFS17532,308
ultimateORFS3910,423,440,498,499
ultimateORFS6995,234,235
ultimateORFS10367,204,205,206,294,295,296,297,394
ultimateORFS5778,1018,1019,1479,1480
ultimateORFS3345,168,197,198
ultimateORFS4105,353,548
ultimateORFS7933,300
ultimateORFS6638,2147,2148
ultimateORFS7673,239,533
ultimateORFS16694,2001,2004
ultimateORFS2788,408,409
ultimateORFS3170,614,615,618,619
ultimateORFS2382,1552
ultimateORFS14626,1237,1238,601,670,672,673
ultimateORFS14553,291,292
ultimateORFS6211,433
ultimateORFS15954,297
ultimateORFS9441,1447
ultimateORFS16875,452
ultimateORFS9347,127,128,518,519,520,521,522
ultimateORFS9468,275
ultimateORFS9339,199
ultimateORFS5447,2715,2716,2790,2791,2792,3005,3008
ultimateORFS5800,484,498,499
ultimateORFS11099,311,312,313,317,473,476,55,56,739
ultimateORFS3911,582
ultimateORFS5591,250,251,760,771
ultimateORFS18555,73,74
ultimateORFS13600,1586,1733,1734,1735,2643,417,418,460
ultimateORFS12892,188
ultimateORFS9295,262,263,264
ultimateORFS4418,551
ultimateORFS9394,360,361
ultimateORFS9391,186,187,219,221
ultimateORFS8601,381
ultimateORFS12025,422,423
ultimateORFS19814,213,280,281,283,284,286,287,289,293,628
ultimateORFS16210,574,575
ultimateORFS19549,100,98,99
ultimateORFS1831,723,727,728,729
ultimateORFS9663,1303,1304,1305,2025
ultimateORFS4611,855,867,868
ultimateORFS3652,1777,1778
ultimateORFS4538,4849,4850,4851,4914,4915,4954,4955,4956
ultimateORFS2864,743,744
ultimateORFS1983,334,335,336,340,342,360,364,365
ultimateORFS7581,205
ultimateORFS1141,322,323,423,424
ultimateORFS19267,270,271,379,380,381,382,403,404,405
ultimateORFS9173,1109,1110
ultimateORFS12110,446,447,554,881
ultimateORFS12732,449,450,451,452
ultimateORFS6885,749,751
ultimateORFS5298,1070,1127,1128,1194,523,525,526,527,961
ultimateORFS5943,230,233
ultimateORFS9282,111
ultimateORFS9343,234,235,236,416,417
ultimateORFS2465,308
ultimateORFS14637,203,223,224
ultimateORFS6417,322
ultimateORFS5168,1000,264,998,999
ultimateORFS4726,419,420,421
ultimateORFS18762,1196,1197,1198,1302,1303,1324,59,684,809,863,864
ultimateORFS10593,1588,1589
ultimateORFS5760,247,248,249,250,251
ultimateORFS12192,93
ultimateORFS18995,102,103,104,105,106
ultimateORFS7246,132,133
ultimateORFS6827,1168,1169,852
ultimateORFS1580,696,698,699,785,786,798
ultimateORFS19767,122,226
ultimateORFS16725,295,296,297
ultimateORFS9170,243,244
ultimateORFS10671,83
ultimateORFS9386,499
ultimateORFS5625,1372,1406,1571,1572
ultimateORFS13995,492
ultimateORFS18761,108
ultimateORFS14145,491,492
ultimateORFS4560,274,275,277
ultimateORFS4255,636,638,639
ultimateORFS2687,121,122,123,172
ultimateORFS2851,1221,1222,896,897,898,899,980,981,982,983
ultimateORFS5051,513,518
ultimateORFS19363,122,189,191,192,193,194
ultimateORFS3367,236,237,864
ultimateORFS5624,429,430
ultimateORFS9336,128,129
ultimateORFS18302,103,104,105,166
ultimateORFS16540,576,577,578
ultimateORFS5125,441,443,459,460
ultimateORFS4003,170
ultimateORFS11849,301,302,303,304,305,803
ultimateORFS5698,210,218,219,388,389,390,391
ultimateORFS18497,505,618,991
ultimateORFS13997,432
ultimateORFS1469,497,504,574,665,694
ultimateORFS3591,220,221
ultimateORFS9822,583,584,585,586
ultimateORFS5696,330,331,332,333,334,335,336
ultimateORFS13980,738,751
ultimateORFS4685,1224,1355
ultimateORFS6012,523
ultimateORFS3153,1232,1552,1553,1554,1871,1872,1874
ultimateORFS9426,202
ultimateORFS3265,824,842
ultimateORFS2506,481,482
ultimateORFS3426,442,443,444,503,637
ultimateORFS2158,698,699
ultimateORFS8768,177,579
ultimateORFS14031,333
ultimateORFS4673,1062
ultimateORFS5510,1364
ultimateORFS4523,979
ultimateORFS13790,681,682,716,717,718
ultimateORFS16640,223,224
ultimateORFS12879,356,440,441
ultimateORFS9259,378
ultimateORFS15712,128,136,137,138
ultimateORFS15111,667,668,669,670,954,963,964,965
ultimateORFS16075,222
ultimateORFS5585,562,563,564
ultimateORFS1966,461
ultimateORFS6215,276,277,691,692,693,694
ultimateORFS3637,329,330,332,333,334
ultimateORFS3923,2178,2189,2191,2192,2193,2194,2207,2244,2245,2246
ultimateORFS9489,383
ultimateORFS7066,409,410,415,585,586,85,87
ultimateORFS4687,567,568,569
ultimateORFS3590,615,665,666,667,668,669,819,837,853
ultimateORFS18863,247,345,346,347
ultimateORFS8294,398,541,542,86
ultimateORFS12911,855,856,857
ultimateORFS6472,1194,1262,1263,1264,1270
ultimateORFS11215,447,451
ultimateORFS3791,248
ultimateORFS8599,507
ultimateORFS14072,1458,146,147,148,536,540
ultimateORFS8523,725,726,795
ultimateORFS5191,544,924
ultimateORFS3033,673
ultimateORFS4449,894
ultimateORFS3752,592
ultimateORFS19109,77,78,79
ultimateORFS10133,100
ultimateORFS8183,487
ultimateORFS1181,324,325,330,338,340,358,360
ultimateORFS5426,294,296,297
ultimateORFS7412,526,527,528
ultimateORFS5823,499,500,501,502,701,702,712,727,728,836,837,867,868
ultimateORFS5420,418,419
ultimateORFS18878,1432,1547,183,383,384
ultimateORFS7417,219,220,268
ultimateORFS5992,417,418,419
ultimateORFS19713,394,395,396
ultimateORFS7465,486
ultimateORFS19801,338,339,578,579
ultimateORFS6615,2490
ultimateORFS8276,900,901
ultimateORFS9945,241,285,286,287,288,289,487,488,489,490
ultimateORFS12117,483,484,485
ultimateORFS1137,1384,1385
ultimateORFS19047,115,116,117,1481
ultimateORFS6156,1042,938,939,940,941,953,972,973
ultimateORFS13658,224
ultimateORFS4421,125
ultimateORFS5413,604,710,711,714,715,718,726,727,728
ultimateORFS16842,1813
ultimateORFS16739,2809,2810,2811
ultimateORFS12347,69,70,71,72
ultimateORFS2500,166,167
ultimateORFS19457,103,164,197,58,59
ultimateORFS14654,150,155,156
ultimateORFS19614,100,1000,101,102,1740,1741,1742,1743,1744,1986,1987,1988,1989,2025,2026,2027,2028,734,735,999
ultimateORFS3049,1139
ultimateORFS6284,1748,1952
ultimateORFS9323,388,389
ultimateORFS9452,1304,1305,620
ultimateORFS6530,428
ultimateORFS5792,350
ultimateORFS14120,620,621,622
ultimateORFS4385,526,527
ultimateORFS1197,767
ultimateORFS4380,416,417
ultimateORFS12399,104,195
ultimateORFS2442,1784,1785,1786
ultimateORFS2570,845,846
ultimateORFS15456,530,531
ultimateORFS6506,545
ultimateORFS2932,1157,1158
ultimateORFS16737,265
ultimateORFS3607,1588,1589,2267
ultimateORFS10697,328
ultimateORFS4637,499
ultimateORFS6171,538,539
ultimateORFS19332,581,582,583
ultimateORFS16709,82
ultimateORFS16213,300,301,302,303
ultimateORFS4281,338,340
ultimateORFS3354,653,654,655,656
ultimateORFS4992,258,625,997,998,999
ultimateORFS3294,242,243,244
ultimateORFS19611,245,246
ultimateORFS12783,344,687
ultimateORFS11975,318
ultimateORFS12713,190,191
ultimateORFS13903,337
ultimateORFS13935,285,286,287,288
ultimateORFS5873,687
ultimateORFS16105,293,294,96
ultimateORFS7401,1361,1362,1376,1377,1378,1399
ultimateORFS18395,266
ultimateORFS16425,473
ultimateORFS4651,740
ultimateORFS6631,495,496,500,534
ultimateORFS3043,369,370,371,809,810
ultimateORFS19743,69
ultimateORFS9187,1270,358,359,376
ultimateORFS5062,1628,2377,2390,2391,3763,3764,3765,3766
ultimateORFS9639,514,515
ultimateORFS17534,69
ultimateORFS3894,1426,2398,2824
ultimateORFS1392,297,497,805,808
ultimateORFS5172,1018,771,772
ultimateORFS9491,180,455,456,457,491,492
ultimateORFS5602,740,741
ultimateORFS5577,1395,1399,1400,812
ultimateORFS4439,2874,2875,3077,3500,3501,3502,3777,3778,3887
ultimateORFS4408,975,982
ultimateORFS8243,1047,563,750,751
ultimateORFS6853,1417,1418,1419
ultimateORFS18548,421,422,423,424
ultimateORFS5942,392,409,410,411,953,964
ultimateORFS16044,410
ultimateORFS16880,255,256,342,343,344,345,346
ultimateORFS12720,256,257,258
ultimateORFS15354,596
ultimateORFS3054,367
ultimateORFS11820,661,662,663,709,710
ultimateORFS19828,83,84,85
ultimateORFS4011,796,797,974,975,977
ultimateORFS18749,192,193,194
ultimateORFS7225,978,979,980,981
ultimateORFS14008,747,748,749
ultimateORFS7669,290,291
ultimateORFS13787,150,151,152
ultimateORFS11053,537,538
ultimateORFS3756,1121
ultimateORFS6895,190,191,298,334,420,421,422
ultimateORFS13388,83,84
ultimateORFS18053,860
ultimateORFS5004,491
ultimateORFS18768,255,785,786
ultimateORFS3703,1071,1072,1076,1085
ultimateORFS2093,313
ultimateORFS13874,169,170,261,390,391,477,478,479,480
ultimateORFS7102,467
ultimateORFS14599,369,370,371,372,448,449,450,451,458,460,461,462
ultimateORFS18756,142,143,144,145,146
ultimateORFS11012,416,417,418,419
ultimateORFS5159,138
ultimateORFS5010,623,624
ultimateORFS9396,256,257,258,822
ultimateORFS4450,484,485,486,487,768
ultimateORFS4008,478
ultimateORFS1083,1264,1306,1307,1308,1309,1338,1339,1340,2278,2457,2458,3119,3148,3149,3150,3452,820,821
ultimateORFS19261,302,303,326,402,403,404,405
ultimateORFS15509,1236
ultimateORFS19783,1231
ultimateORFS4018,1009
ultimateORFS9560,221,329,330
ultimateORFS3263,622,623
ultimateORFS1970,400,764,765,766,770,771
ultimateORFS17941,593,594,595,596
ultimateORFS3921,673
ultimateORFS3680,1195,1202,1203,1204,1205
ultimateORFS3861,1108,1109,1110,730
ultimateORFS8041,277
ultimateORFS8352,1534,1535,2250,2251,808
ultimateORFS3075,1069,1070,1071,781,782
ultimateORFS12052,102
ultimateORFS8643,226
ultimateORFS3757,521
ultimateORFS4099,338,347,348
ultimateORFS1589,1174
ultimateORFS3887,1960,1961,2460,639,640,642,643
ultimateORFS19054,492,494,623
ultimateORFS9178,865,866,948
ultimateORFS1600,514
ultimateORFS19130,123,124,125,126,127,415
ultimateORFS5857,519,521
ultimateORFS7787,536,537,538,612,613,614
ultimateORFS3971,607,608,609,610,611
ultimateORFS12112,228,229
ultimateORFS4259,442
ultimateORFS19470,213,214
ultimateORFS12140,1013,1014
ultimateORFS19246,342,343
ultimateORFS3309,323,324,325
ultimateORFS16697,170,171
ultimateORFS16485,687
ultimateORFS3945,93,94,95
ultimateORFS8613,273
ultimateORFS6424,1436,1437,1439,1440
ultimateORFS6370,1196,1197,1916,1920
ultimateORFS9371,376
ultimateORFS2088,221,222,264
ultimateORFS5415,396,397,398,399
ultimateORFS3430,483,484,485,577,685,687
ultimateORFS18875,249,250,251
ultimateORFS5407,890,892,895,899,900,901
ultimateORFS7082,323,433,434,435,436,437,473,474,508,509,510
ultimateORFS12373,378,617,618,623
ultimateORFS19885,247,248,329,330
ultimateORFS14719,666,667
ultimateORFS12127,915,916
ultimateORFS7977,196,197,198,199,200
ultimateORFS5218,662,663,782
ultimateORFS3839,191,200,201,208,209,92
ultimateORFS11081,302,303
ultimateORFS16669,106,107,108,134
ultimateORFS2841,1040
ultimateORFS19586,567,568,570,571
ultimateORFS1606,368,369,450
ultimateORFS4589,1205,1207,1343,1344,1751,1752,1753,1757,2888,499,505
ultimateORFS2839,1495
ultimateORFS19024,280,380,381
ultimateORFS11104,1544
ultimateORFS6148,286
ultimateORFS12714,281
ultimateORFS16595,109
ultimateORFS2094,1018
ultimateORFS4302,122,123,124
ultimateORFS9359,436
ultimateORFS6668,260
ultimateORFS1737,105,94,95,96
ultimateORFS15492,346,347,383,384
ultimateORFS7158,920,988,989
ultimateORFS5151,114
ultimateORFS3340,1185,1186,1281,1282,607,608
ultimateORFS10234,584,585,586
ultimateORFS2722,1107,1111,1112,1113,1140,1472,1536,1537,1538,1701,708
ultimateORFS18948,286,290,291,292,71
ultimateORFS4100,770,772,784,785,786,787,788
ultimateORFS5203,1003,1599,213,214,215,216,217,275,276,819,820,821,822,858,859,994,995,996
ultimateORFS6098,125,211,212,231
ultimateORFS12016,301,302,303
ultimateORFS19102,234,235,246,247,248,632,633,748,749,750,751,752
ultimateORFS3831,235,236
ultimateORFS8121,127,128,130
ultimateORFS10231,1336,2318,2319,2320,2321,2466
ultimateORFS11060,1225,1226,2206
ultimateORFS18970,241,242,243,244
ultimateORFS4752,394,936,937
ultimateORFS7906,479
ultimateORFS9920,215,216
ultimateORFS3669,772,773
ultimateORFS4400,724,725
ultimateORFS2319,2683
ultimateORFS6159,1006,1007,1008
ultimateORFS4370,1310
ultimateORFS5197,289
ultimateORFS17647,311,312
ultimateORFS19445,619,620,621,622
ultimateORFS4098,276
ultimateORFS1930,586
ultimateORFS6626,171
ultimateORFS1992,276,310
ultimateORFS9479,162,163
ultimateORFS19262,431,432
ultimateORFS4509,811,812
ultimateORFS9277,1177
ultimateORFS12049,1281,1282,1650,401,539,909
ultimateORFS9022,886
ultimateORFS19171,580,606,607
ultimateORFS7788,183,184
ultimateORFS5044,1303,973
ultimateORFS19174,1823,1824,1825
ultimateORFS7444,407,408,469
ultimateORFS7991,123,124,163
ultimateORFS3240,373
ultimateORFS13639,776,778,779
ultimateORFS6061,339,340,341
ultimateORFS19656,136,177,178,179,294,295
ultimateORFS1827,505,507,508,545,546
ultimateORFS1085,438,636,724
ultimateORFS1675,301
ultimateORFS4553,395,396,397,406
ultimateORFS6420,490,491,493,494,495,496,619,620,621
ultimateORFS10152,2576,2588,2589
ultimateORFS2439,245,706,707
ultimateORFS1710,943
ultimateORFS14033,735,736,738
ultimateORFS8281,125,126,498,499
ultimateORFS2907,1073,1074,1078,1079,1080,1131,1132,1153,1154,1155,1506,791
ultimateORFS4125,763,764,765
ultimateORFS5153,126,127,374
ultimateORFS2110,1407,1621,1622,1624,1682
ultimateORFS16240,1806,1807
ultimateORFS16471,169,170
ultimateORFS13917,233
ultimateORFS12014,275
ultimateORFS6997,571,572,573,574
ultimateORFS19241,502,676,677
ultimateORFS6419,170
ultimateORFS6621,811,864,865
ultimateORFS16757,699,700
ultimateORFS2124,524,525,526
ultimateORFS16209,1677,1678,1679,1701,1867,2079,2080,227,229,667,668
ultimateORFS6056,1019,947
ultimateORFS16355,787,788
ultimateORFS9379,135
ultimateORFS9557,1688,1689,1690,1762
ultimateORFS19221,62
ultimateORFS1899,575,576,577
ultimateORFS8666,379,380,382
ultimateORFS7941,202,203
ultimateORFS19554,314,315,316
ultimateORFS1510,1203,1204,1205
ultimateORFS5087,1337,1338,1339,1502,1588
ultimateORFS12106,1120,1216,280,487,488,727
ultimateORFS3723,145
ultimateORFS15942,138,139,140,146,147,148,149,150
ultimateORFS3701,146,147,148
ultimateORFS4816,1019,1020,1021,1022,366,367,368,417,446,463,921,922,923,972,973,974
ultimateORFS12253,128
ultimateORFS5987,1303,941
ultimateORFS16549,300,301
ultimateORFS16296,1092,946,947,948
ultimateORFS16786,313
ultimateORFS4718,315,443,453
ultimateORFS4423,974
ultimateORFS16613,267
ultimateORFS11251,5588
ultimateORFS4240,1177,1250
ultimateORFS12068,160,161,162,163,164,193,194,195
ultimateORFS6518,421,422
ultimateORFS9412,746,747
ultimateORFS19759,122,123,124
ultimateORFS8561,963,964,965,967
ultimateORFS14056,250
ultimateORFS8699,197,198,199,200
ultimateORFS3405,492,493,494,495,496,536,538
ultimateORFS1574,202
ultimateORFS19349,206,207,256,257
ultimateORFS2219,355,754,755
ultimateORFS9437,810,812
ultimateORFS1556,896
ultimateORFS10287,304,305,306,307
ultimateORFS10188,1087,1088
ultimateORFS8772,644,645,701,75,76,85,86,94,95,96
ultimateORFS1424,286,288
ultimateORFS4974,1716,1729,1730,1731,1807,1808,2638,2639,2722
ultimateORFS19009,103,104,105
ultimateORFS6654,231,232,648,650,651,721,722
ultimateORFS3160,220,221
ultimateORFS2131,532,533,534
ultimateORFS11046,120,1483,1484
ultimateORFS5959,433,434,435
ultimateORFS12865,100,101,99
ultimateORFS5940,355
ultimateORFS3675,1444,1445
ultimateORFS10685,1086,1087,1129,1132,1761,1762,1763,231,2641,2674,2675,2676,2878,2996,2997,2998,2999,3000,3042,378,379,380,523
ultimateORFS4750,647,651
ultimateORFS7762,493
ultimateORFS9485,296,297,299,601,602,603
ultimateORFS4805,405,406,407,418
ultimateORFS13208,176
ultimateORFS13780,1926
ultimateORFS3231,885,886
ultimateORFS4113,262,263
ultimateORFS1328,233
ultimateORFS10137,580,581,582,650,851,877
ultimateORFS7528,1097,1098,371,618
ultimateORFS8425,1334,1335,1388,1389,1390,1393,1394,1821,1822,1823,1824,2281,2367,2368,2389,2390
ultimateORFS13900,521,776,777,778
ultimateORFS19618,1857
ultimateORFS2678,381,583
ultimateORFS19237,384,385
ultimateORFS2183,363
ultimateORFS4441,238,260,261,390,407,408,409
ultimateORFS3195,484,920,921
ultimateORFS18425,141
ultimateORFS2318,283
ultimateORFS8673,595,596,597
ultimateORFS8413,1684,1685,1686
ultimateORFS8621,343,344,362,363,364
ultimateORFS1997,524
ultimateORFS12325,1073,465,466
ultimateORFS6821,1083,1084,1131,1334,1335,1344,1345,183
ultimateORFS12084,1435,1436,1437,1440,1441
ultimateORFS16797,454,455
ultimateORFS16668,524,525
ultimateORFS4971,174,175
ultimateORFS19791,238,239,240,241
ultimateORFS8997,119
ultimateORFS4802,732,866,867
ultimateORFS4078,474
ultimateORFS14979,484,489,536
ultimateORFS3689,818,819,837,838,839,841,848,849
ultimateORFS19037,263,264,265
ultimateORFS6169,767,768
ultimateORFS14735,126,127,1336
ultimateORFS4939,492
ultimateORFS7644,594,596
ultimateORFS4920,524
ultimateORFS19030,205,558
ultimateORFS7230,228
ultimateORFS2644,177,202,203,206,207
ultimateORFS3185,147
ultimateORFS13974,841
ultimateORFS7368,393,394,395,396
ultimateORFS4158,777
ultimateORFS4667,264,265,266,267
ultimateORFS5102,1002,1003,1004
ultimateORFS8677,509,510,511
ultimateORFS3952,162
ultimateORFS7672,1035,1037,1038,1487
ultimateORFS13206,171,172,173,175,257,258,464,466,472,473
ultimateORFS9427,100
ultimateORFS7877,1245,1246,1445,1446,455,456,457
ultimateORFS16618,1746,1747
ultimateORFS14064,592,593,621,622
ultimateORFS8022,402
ultimateORFS15814,156,157
ultimateORFS3172,595,607,713,714,838
ultimateORFS12096,511,512
ultimateORFS6267,559
ultimateORFS16232,96,98
ultimateORFS9281,100,112,152,153,154,398,399,400,401,402,403
ultimateORFS1633,1505,1506,1507,1681,1682
ultimateORFS16639,557
ultimateORFS3171,251,252,255
ultimateORFS5445,807,808,809,818,819
ultimateORFS9764,457,458,459,460,461
ultimateORFS13777,1160
ultimateORFS6212,231
ultimateORFS2717,433,434,528,545,546,558,559,560,561
ultimateORFS1353,1496,1497,1498
ultimateORFS9439,668,669
ultimateORFS3814,270,271
ultimateORFS4431,330,482,791,805
ultimateORFS1048,1095,610
ultimateORFS8593,327
ultimateORFS5450,1378,1379
ultimateORFS5613,163,164
ultimateORFS9076,463,464,465,466
ultimateORFS3972,1026,1027,1028,1029,1330,1995,1999,2003,673,676,678
ultimateORFS8770,507
ultimateORFS7997,77,78,79,80,84
ultimateORFS8550,738
ultimateORFS19476,284,285,286,287,288
ultimateORFS13891,1140,1141,1142,1143,1144,898,899,900
ultimateORFS19562,693,694,695,841
ultimateORFS3826,798,799
ultimateORFS19459,577,578,579,580
ultimateORFS19258,1031,1032,1033
ultimateORFS4402,464
ultimateORFS3472,1984,2234,2241,2242
ultimateORFS5038,1445
ultimateORFS4347,216,217,218
ultimateORFS4300,539,540
ultimateORFS8342,93,94
ultimateORFS5598,1139,1140,1141,1154,1290,1291,1292
ultimateORFS3167,332,449,450,451,478,509,510
ultimateORFS13018,242,243,244,245
ultimateORFS18551,278
ultimateORFS19120,305
ultimateORFS19658,252,253
ultimateORFS9415,217,218,219
ultimateORFS8665,1039,599,706,707,708
ultimateORFS12390,917,918,920
ultimateORFS18844,285,286,287,288
ultimateORFS2583,509,521
ultimateORFS5826,834
ultimateORFS5466,390,391,491,492
ultimateORFS19879,146,147
ultimateORFS4175,1000,796,993,996,998,999
ultimateORFS13923,290,291,292,293,314,315,317,318,320,429,470,471,623
ultimateORFS8719,219,220,504,551
ultimateORFS12027,252,253
ultimateORFS4972,142
ultimateORFS10799,165,169,170
ultimateORFS18242,124
ultimateORFS3477,1816,2146,2147,2529
ultimateORFS8279,348,441
ultimateORFS3251,3277,3278,3303
ultimateORFS7223,470,471,472
ultimateORFS6744,126
ultimateORFS10215,92,93,94,95
ultimateORFS12917,132,364,365,366
ultimateORFS8990,859,860,861,862,901,902
ultimateORFS19184,197,216,217,218
ultimateORFS2250,294,321,323,360,361,362
ultimateORFS13971,339,340
ultimateORFS7088,675,678,679
ultimateORFS6967,508,511
ultimateORFS4145,1061,226,227,228,229,230
ultimateORFS7397,177,178,250,252
ultimateORFS8634,334
ultimateORFS13498,68,69,70,71
ultimateORFS5970,101,102,103,78,79
ultimateORFS12265,281,282,720,721,769,770,771
ultimateORFS3242,338,339
ultimateORFS3258,1285,1286
ultimateORFS2552,674,675
ultimateORFS9510,146,232,233
ultimateORFS19534,346,348
ultimateORFS19296,391,392,393
ultimateORFS7917,608
ultimateORFS19800,272,273,274
ultimateORFS5583,548,549,550
ultimateORFS6540,132
ultimateORFS4223,241,242,243,244
ultimateORFS3334,480,481,482,498,499,500,501,502,503
ultimateORFS18463,228
ultimateORFS19726,129
ultimateORFS7801,219,220,221
ultimateORFS6313,243
ultimateORFS9052,1028,256,257,258
ultimateORFS18652,1005,1006,912
ultimateORFS10103,1044,167,168,169,188,189,244,365,641,642
ultimateORFS5312,306,307
ultimateORFS5094,977
ultimateORFS2040,152,153,154,269,270,271,272,273
ultimateORFS15115,155
ultimateORFS14698,227,228,86,87,88,89,90,91,913,92
ultimateORFS8080,1039,1056
ultimateORFS3686,582,583,584
ultimateORFS16091,438,439,440,441
ultimateORFS5607,780,801,802
ultimateORFS13774,756
ultimateORFS4776,1279,1281,900,901,902
ultimateORFS3656,1174
ultimateORFS16714,613,614
ultimateORFS8522,151,153,213,313,314,315,316
ultimateORFS8588,1055,1056,1159,1160,1347,1348,1349,1361,1380,1381,1938,1939,1942,1944,1945,2561,2562,485,488
ultimateORFS5373,1166,1167
ultimateORFS10203,292,293,294,70
ultimateORFS12343,285,287,288
ultimateORFS15952,272
ultimateORFS10286,230,231,233,234
ultimateORFS4349,111,112,114,115
ultimateORFS5588,625
ultimateORFS15979,60,61,62
ultimateORFS6134,1380,1419,1420,906,907
ultimateORFS3640,214,257,258
ultimateORFS7260,1210,1433,1434,1435,1436,1437,1438,1439,1440,214
ultimateORFS19599,228
ultimateORFS8378,85,92
ultimateORFS7109,898
ultimateORFS19847,93,94,95
ultimateORFS19366,381,382
ultimateORFS9007,554,606,607,608
ultimateORFS10114,400,401,402
ultimateORFS5772,297,324,469,471,479
ultimateORFS2023,426,445,446
ultimateORFS5935,216,743
ultimateORFS7717,241,242,243,244,671
ultimateORFS4628,448
ultimateORFS7162,360,361,469
ultimateORFS3264,148
ultimateORFS5103,345
ultimateORFS5213,215,218
ultimateORFS1610,1319,1320,1321,746,748,757
ultimateORFS8431,322,323,324,325
ultimateORFS6617,1050,1051,1052
ultimateORFS15906,200
ultimateORFS13556,465,466
ultimateORFS19640,1499,1500
ultimateORFS10945,579,769,770,824,825,826
ultimateORFS4630,2591
ultimateORFS3389,1930,1931,203,204,2209,2317,2404,2459,2460,390,425,429
ultimateORFS8258,274,275,276
ultimateORFS7073,4331,4370,4371,4372,4373,4374,4395,4396,4500,4501,4781,4920
ultimateORFS19244,274,275,276,277,373
ultimateORFS10275,1120
ultimateORFS6029,308,309,310,331,391
ultimateORFS10124,247,248
ultimateORFS16807,301,302,305
ultimateORFS2935,711,712,736
ultimateORFS11031,171
ultimateORFS19223,242,243,244
ultimateORFS12809,295,296
ultimateORFS2940,1346,1347,1348
ultimateORFS3452,1219,1226,1310,1311,1312,1313,1314
ultimateORFS8726,1423,1424,1425,1426,1427,2969,2977,625,626,627,628
ultimateORFS2242,740,741,742,743
ultimateORFS2086,717
ultimateORFS3224,1021
ultimateORFS5299,575
ultimateORFS5122,411
ultimateORFS4160,395,415,416,417,460,513
ultimateORFS7605,540,758,759,760,761,762
ultimateORFS15918,109,226
ultimateORFS3565,615
ultimateORFS7984,2764
ultimateORFS11257,118
ultimateORFS13636,139
ultimateORFS16529,147,148,149,150
ultimateORFS5495,1824,1950,1951,1952,1954,1998,1999,2000,2013,2537,2540,2579,2580,2655,2658,2661
ultimateORFS9157,212,213,214
ultimateORFS4226,1094,1374,1375,1376,1377
ultimateORFS4569,141,149,150,151,317,318,319,416,585,586,927
ultimateORFS8434,528,543,544,545,546,547,745,746
ultimateORFS2527,179
ultimateORFS1236,466,467,468
ultimateORFS5776,396
ultimateORFS9432,1112,1608,1609,1610,1611,1613
ultimateORFS5655,306,307,308,309,340,341
ultimateORFS3380,906
ultimateORFS19298,322,323,324,325,326,372,507,508,509,510,511,541,542,543,544,632,633,634,635
ultimateORFS6185,361,362
ultimateORFS7271,172,173,174,175
ultimateORFS3528,318,319,320,321,450,451,476
ultimateORFS8731,227,230,231
ultimateORFS2155,977
ultimateORFS6605,1123,197,219,220,221,243,244,357,358,359,360,379,895,896
ultimateORFS4390,1430,1431,1432
ultimateORFS11999,272,273
ultimateORFS9328,371,372,373,374,821
ultimateORFS1234,1087,1290,1291,1292,1301,1302,1538,1631
ultimateORFS19819,529,730
ultimateORFS19750,369,370,414
ultimateORFS19705,294,295,296,297
ultimateORFS9413,159,160,287,288
ultimateORFS3767,253,254
ultimateORFS13862,212
ultimateORFS5666,220,221,282,283
ultimateORFS18623,230,282,370,374,394
ultimateORFS1663,345,346
ultimateORFS6195,2378,2385,2417,2466,2467,2468,2482,2483,2487
ultimateORFS16025,325
ultimateORFS7619,311,312
ultimateORFS3763,729
ultimateORFS19062,294,410,519,520,521,522,523,676,677,678
ultimateORFS6590,534,535
ultimateORFS18989,291
ultimateORFS8262,187,188,199,200
ultimateORFS10337,242,243,244,246
ultimateORFS10338,2762,2763,2764,2765,3613,3999,4000,4001,4003,4149,4150,4151
ultimateORFS10280,213,235
ultimateORFS3492,833,834,955,956,958
ultimateORFS16468,244,270,271,272
ultimateORFS9005,429,430,431
ultimateORFS2402,290
ultimateORFS8535,1039,1040,1200,1201,1224,1225
ultimateORFS19563,162,163,164,165,213,947,948,949,950,992,993,994,995,996
ultimateORFS2303,314,352,353
ultimateORFS4007,93
ultimateORFS4198,740
ultimateORFS18486,134,135,136
ultimateORFS16394,586,587
ultimateORFS18578,199,200,201,293,294,295,296
ultimateORFS8015,309,310,977,978
ultimateORFS11210,114,125
ultimateORFS4104,659,660
ultimateORFS14597,1135,1136
ultimateORFS16863,85,86,87,88
ultimateORFS14106,562,563,564
ultimateORFS11111,193,194,195
ultimateORFS4978,1067,1071,449,621,645
ultimateORFS16770,84
ultimateORFS19441,137,138,211,835
ultimateORFS8577,326,327,328,329
ultimateORFS2496,644
ultimateORFS3068,920
ultimateORFS19354,370,371,372
ultimateORFS1843,2842
ultimateORFS6458,475,476,554,555,556,557
ultimateORFS6422,508,509,510
ultimateORFS16427,1638,1639,1640,183,184,185,186,187,213,329,622
ultimateORFS7816,490,491,492
ultimateORFS1823,1490,1502,1714,1715,946,947,958
ultimateORFS2988,571
ultimateORFS5201,555,556,669,670,704
ultimateORFS6582,364,373,374
ultimateORFS18335,138,139,140,141,142,247,248
ultimateORFS4036,630,631,632
ultimateORFS18938,728,729
ultimateORFS1275,113,114,115,116,311,484,506,507,541
ultimateORFS12335,275
ultimateORFS9196,121,122
ultimateORFS2965,267
ultimateORFS9037,1473,1475,1476,1728,1732,1733,1757,2020,2021,2022,2023,2024,467,514,515,516,517,923
ultimateORFS9127,620,621,622,623,624,626
ultimateORFS5356,229,363,364,365,398
ultimateORFS5158,161
ultimateORFS19224,81
ultimateORFS5526,242,243,244,400,441,442
ultimateORFS1934,600,887
ultimateORFS19499,234,235
ultimateORFS5068,258,259,260
ultimateORFS15393,104
ultimateORFS5392,682,694
ultimateORFS19097,158,159,160
ultimateORFS4184,120,122
ultimateORFS13589,117,118
ultimateORFS7601,435,436,438,445,446
ultimateORFS8364,663,664,716,717
ultimateORFS6306,289,363,534
ultimateORFS4337,204,205,206,213
ultimateORFS19541,1183,161,162,172,173
ultimateORFS2156,327
ultimateORFS18842,197
ultimateORFS4681,165,166,167,168
ultimateORFS4807,75,76,95
ultimateORFS4455,442,443
ultimateORFS1849,428,430,431
ultimateORFS5181,232,841
ultimateORFS3501,508
ultimateORFS19877,89,90,91,92,93
ultimateORFS4221,447,448,544
ultimateORFS9457,183,184,185,191,625,68,72,74,75,803,805,924,925,926
ultimateORFS2831,354,355,383
ultimateORFS3922,71,72,73
ultimateORFS4004,129,238,271,276,407,408,409,883,884,907
ultimateORFS1324,262,263
ultimateORFS2203,3859
ultimateORFS12172,64,66
ultimateORFS5621,435,436
ultimateORFS12388,1620,1621,4769,4770,4771,5959,5960
ultimateORFS2660,1572,1573,1574,1575,1625,332,333,525,605,606,607,608,642,930,931
ultimateORFS6293,319,321,422,423
ultimateORFS19269,166,167
ultimateORFS13846,592,593,619,620,621
ultimateORFS4940,91
ultimateORFS14653,402,409,411,412
ultimateORFS7931,144,145
ultimateORFS3790,183,216
ultimateORFS16109,230,231,232,233,234
ultimateORFS6116,235
ultimateORFS5978,348
ultimateORFS3449,1063,1064,1065,1066,865,866,984
ultimateORFS7332,138
ultimateORFS19523,1084,1085
ultimateORFS11988,120,121
ultimateORFS11008,199,200,201
ultimateORFS9276,348,349,350,351
ultimateORFS2315,683,690,696,697,698,764
ultimateORFS11123,209,333,334
ultimateORFS16687,148,149,151,152
ultimateORFS16548,249
ultimateORFS8752,661,662
ultimateORFS10863,467,468
ultimateORFS16178,1058
ultimateORFS19762,307,308,472
ultimateORFS3574,395,396,463,464,491,507,508,511
ultimateORFS6614,601,602
ultimateORFS4006,447,524,525,526,565
ultimateORFS15872,135,136
ultimateORFS18853,243,244,245,246
ultimateORFS6602,1470,1471,1488,1489
ultimateORFS1076,1686,1687
ultimateORFS19587,821,822,825
ultimateORFS1278,3262,3263,3269
ultimateORFS2682,1202
ultimateORFS12807,125
ultimateORFS19278,179,180,181,182
ultimateORFS13910,702
ultimateORFS19719,174,175,176
ultimateORFS19449,506,508,509,548,549,550,551,554
ultimateORFS9344,942,943
ultimateORFS11545,762,785,786,788,789
ultimateORFS5011,507,508,509,510,511,512,513,514
ultimateORFS4783,339,444
ultimateORFS8747,214
ultimateORFS12299,590,652,653,654
ultimateORFS2476,245
ultimateORFS14024,825,826
ultimateORFS13296,87
ultimateORFS14085,154,264
ultimateORFS6388,1098,1108
ultimateORFS7701,575,576
ultimateORFS7117,228,229
ultimateORFS5177,271
ultimateORFS1683,976
ultimateORFS7640,1657,1658,1659,1673,1674
ultimateORFS19706,237
ultimateORFS2791,631
ultimateORFS10304,84
ultimateORFS8428,1229,1230,1373,1374,1375
ultimateORFS4182,1104,1105,137,1761,1762,453,454,723,724,725,726,780,784,855,905,945
ultimateORFS12314,165,166,167,168,169,217,219,243,244,245
ultimateORFS2149,524,525,557,558
ultimateORFS19310,210,211,214
ultimateORFS4070,419
ultimateORFS11533,2904
ultimateORFS3201,201,202,203,204
ultimateORFS1565,360,361,479
ultimateORFS4989,469
ultimateORFS1162,296,407
ultimateORFS16907,329,330
ultimateORFS1707,1532,947,948,979
ultimateORFS18859,339,340,341
ultimateORFS8401,1003,1004,1035,1036,1079,898
ultimateORFS16840,299,300,308,309
ultimateORFS15935,134,135,136
ultimateORFS9326,430
ultimateORFS7778,461,462,477
ultimateORFS1293,552
ultimateORFS3997,1393,1394,1395,1675,1676,1679,1720,1721,1722,1724,411
ultimateORFS3007,219,220,275,655
ultimateORFS9501,280,287,288,289
ultimateORFS12362,308,312,313,314
ultimateORFS8236,526
ultimateORFS19155,1163,1164,1165,1688,1952,1953,2409,2604,2605,2606,2971,2972,2973,2974,2975
ultimateORFS1591,624,625,626,627
ultimateORFS16800,272,273,274
ultimateORFS19704,401,402,574,575,576
ultimateORFS4546,369,370,371,372,394,395,396,397
ultimateORFS11679,261,262,263
ultimateORFS19013,142,146
ultimateORFS5322,511
ultimateORFS4586,339,340,343
ultimateORFS4470,1106,1370,1371,1372
ultimateORFS8512,294,295
ultimateORFS2137,292,293
ultimateORFS16913,673,674,675,676
ultimateORFS8653,539,547,548,549,550
ultimateORFS18640,101,166,167,304
ultimateORFS7453,392
ultimateORFS6988,910,911,912,939,940,941
ultimateORFS8608,489,490,491,492
ultimateORFS2637,335
ultimateORFS8644,1356
ultimateORFS8641,639,647
ultimateORFS6580,399
ultimateORFS4535,770
ultimateORFS4265,597
ultimateORFS9762,516
ultimateORFS3848,135,136,189
ultimateORFS9013,878
ultimateORFS6153,326,327,355,356
ultimateORFS9297,639
ultimateORFS11809,838,839
ultimateORFS8626,220,221,222,224,364,365,539,540,541
ultimateORFS19147,1584,1585,1646,1963,2583,541,542,543
ultimateORFS19489,465
ultimateORFS1634,432,673,674
ultimateORFS1797,1140
ultimateORFS19582,2494,2495,2496,2498
ultimateORFS7104,1210,538,539,540,541
ultimateORFS6833,673
ultimateORFS5463,502,503
ultimateORFS7821,207
ultimateORFS2201,1198,1199,1479,1480,1496,169
ultimateORFS5207,221,222
ultimateORFS15523,458,459,460
ultimateORFS7924,385,392
ultimateORFS19513,238,239,246,247,248,249,313,314,315
ultimateORFS14714,527,528,529
ultimateORFS6365,569,570
ultimateORFS19315,278
ultimateORFS10239,433,498
ultimateORFS2627,646
ultimateORFS4406,338,339
ultimateORFS9319,109,413,414,415,416,677,678,679,97
ultimateORFS12805,206,207,219
ultimateORFS7675,732
ultimateORFS8531,224,225,226,227
ultimateORFS2873,130,131,132
ultimateORFS12001,397
ultimateORFS4669,708,709,710
ultimateORFS5374,1253,1257,1258,1259,1260,1261
ultimateORFS1971,576,577
ultimateORFS5578,414,626,730,731,827
ultimateORFS7244,243,417,418,432,875
ultimateORFS6214,144
ultimateORFS2405,69
ultimateORFS3606,1676
ultimateORFS10094,270,272,273
ultimateORFS19177,429,433
ultimateORFS12330,327
ultimateORFS7461,154
ultimateORFS12088,160,161
ultimateORFS3828,849,851
ultimateORFS15297,76,77
ultimateORFS18362,195
ultimateORFS2999,748
ultimateORFS19688,164,200,201,202,416,417,418,419,616,617,634,635,671
ultimateORFS10343,770,771,774
ultimateORFS12381,111,112
ultimateORFS15520,147
ultimateORFS8638,1467,1469,2936,3180,3181,344,345,347,443,445,446
ultimateORFS19058,124,141,142
ultimateORFS4322,501,502
ultimateORFS2790,475,508,509
ultimateORFS19075,674,703,877,883
ultimateORFS15554,896,897,898
ultimateORFS6874,1009,105,106,1069,1070,1071,255,613,708,709,710
ultimateORFS9435,367,368,369
ultimateORFS6524,465,466,514,515
ultimateORFS9049,656,691,692,693,694,695
ultimateORFS2399,942,943
ultimateORFS18832,2897,4186,4187,4188
ultimateORFS3787,169,170,171
ultimateORFS11816,77
ultimateORFS4824,1399,1476,1477,1535,1536,1537,1538,973,974
ultimateORFS12132,1123,1124,1125,829,830,831
ultimateORFS4703,1176,1177
ultimateORFS14657,438,439,440
ultimateORFS6919,345,356,474
ultimateORFS3570,1581
ultimateORFS13518,102
ultimateORFS8710,521,523,543,544,546
ultimateORFS13948,198,199,202,205,206
ultimateORFS19286,285,286,288
ultimateORFS3580,1186,1187
ultimateORFS12125,197,198,199
ultimateORFS8754,183,243
ultimateORFS8783,194,195
ultimateORFS8603,173,174,175,176
ultimateORFS13042,371,372,373
ultimateORFS4842,392
ultimateORFS4169,715,716,717,759,760,804,807
ultimateORFS19798,85
ultimateORFS4266,176
ultimateORFS10625,236,237
ultimateORFS2151,2439,2440,2441
ultimateORFS5008,519
ultimateORFS9993,630,631
ultimateORFS5961,365,366
ultimateORFS13199,137,254,282,283,284
ultimateORFS19453,171,1827,1828,327,328,403,404,405,966,967,968
ultimateORFS5893,1981,2035,242,243,576,922
ultimateORFS1681,366,428,429
ultimateORFS7170,225
ultimateORFS7434,183
ultimateORFS8615,740,741
ultimateORFS6810,1495,1496
ultimateORFS13973,55,56,57
ultimateORFS3524,1281,553,554,660
ultimateORFS8332,378,379,380,381,800,801,802
ultimateORFS19816,339,340,341,342,662,663
ultimateORFS3995,352,353
ultimateORFS4542,201
ultimateORFS1338,1726,1727,1728,1729,1730,2860,3051
ultimateORFS2446,465
ultimateORFS17499,1676
ultimateORFS12079,2784,2785,2786
ultimateORFS19775,642
ultimateORFS12760,481,482,483,485
ultimateORFS9374,147,148
ultimateORFS2646,435
ultimateORFS16865,274,275
ultimateORFS2238,283
ultimateORFS12301,248,249
ultimateORFS3699,71
ultimateORFS7938,474,491,621,622,63,64,65,679,825,826
ultimateORFS5955,480
ultimateORFS7458,291
ultimateORFS19080,238,239,240,241,415,416,417,418,419
ultimateORFS7688,164
ultimateORFS9310,694,695,749,750
ultimateORFS10118,160,161,162,163,297,298,299,300,301,479,480,481
ultimateORFS4515,1539
ultimateORFS19229,187,188,189,482,483,507,508
ultimateORFS9424,520
ultimateORFS4846,178,241,242
ultimateORFS5300,829
ultimateORFS4189,1354,1355
ultimateORFS8592,803
ultimateORFS18366,114,115,116,117,124,325
ultimateORFS11290,1134,1186
ultimateORFS9462,1000,1001
ultimateORFS9420,85,86,87,88,89
ultimateORFS12992,198,199,200,201
ultimateORFS11072,461,462,463
ultimateORFS4832,716
ultimateORFS12153,3257,3258,3259
ultimateORFS1547,1173,1174,1378,1380,1381
ultimateORFS16207,735,736
ultimateORFS7159,1258,1318,1380,1381,1382
ultimateORFS5208,478,479,480,699
ultimateORFS7473,123,125
ultimateORFS4106,398
ultimateORFS3916,1012,610,611,612,613,614
ultimateORFS9488,523,526,527
ultimateORFS14047,706,707
ultimateORFS19225,398
ultimateORFS9879,510
ultimateORFS1214,714,728
ultimateORFS8773,103,104,151,154
ultimateORFS1265,310,311,312
ultimateORFS19375,461,462,463
ultimateORFS1370,180,203
ultimateORFS4534,1003,918
ultimateORFS2342,127,128,166
ultimateORFS9983,966,967
ultimateORFS12375,185,186,187,188,238,239
ultimateORFS2588,334
ultimateORFS11980,358,359,360
ultimateORFS8540,575,576
ultimateORFS16872,292,293,294,295,72
ultimateORFS19294,235
ultimateORFS10660,243,244,245,487
ultimateORFS4378,301
ultimateORFS4174,579,583,584,609,610,611
ultimateORFS7942,620
ultimateORFS3796,648,649
ultimateORFS3678,353,410,411
ultimateORFS9177,1332,1490,1491
ultimateORFS1306,863
ultimateORFS16651,382,383,79,80
ultimateORFS1682,417,420
ultimateORFS4367,1451,1452,1453,878,879
ultimateORFS2829,1012,1230
ultimateORFS19729,517
ultimateORFS11068,184,185
ultimateORFS9252,153,154
ultimateORFS7466,186,193,194,195,196,197
ultimateORFS10082,315
ultimateORFS4180,495,496
ultimateORFS15370,243,244,245,246
ultimateORFS7095,124,76,77,78,79
ultimateORFS13868,301,302
ultimateORFS16432,683,684
ultimateORFS19169,759,762,763,774,778
ultimateORFS15749,378,381
ultimateORFS3941,4864,4865
ultimateORFS1557,737
ultimateORFS6818,240,241
ultimateORFS6034,1275,1309,1310,1311,1441,1454,274,275,276,277
ultimateORFS2947,118
ultimateORFS3093,2122,2123,2124,2125
ultimateORFS19484,151,152,153,154,254,266
ultimateORFS10075,167,688,882,890
ultimateORFS10214,966,967,968,969
ultimateORFS15731,724,725,731
ultimateORFS18500,310,311
ultimateORFS1631,67
ultimateORFS19454,446
ultimateORFS19004,483,484,485
ultimateORFS3884,2324
ultimateORFS16356,483,486,487,615
ultimateORFS2609,622
ultimateORFS19431,351,352,353,354,355
ultimateORFS18971,202,240,241,242,256,257
ultimateORFS8970,221,370
ultimateORFS2051,754,755,823
ultimateORFS5200,360,361,376
ultimateORFS1461,607
ultimateORFS9278,1580,1581,1582,1589,944,945
ultimateORFS14150,2037,2038
ultimateORFS19329,274,275,276,277,278
ultimateORFS5990,260,261,262
ultimateORFS4219,518,537,749,841,842
ultimateORFS19598,291,292
ultimateORFS7237,134,135,136,137,138,182,184,185,186
ultimateORFS2560,918,919
ultimateORFS10264,540,541,552,553
ultimateORFS4299,141
ultimateORFS6451,434,435,436
ultimateORFS12348,428,429,430,431,432
ultimateORFS2926,494
ultimateORFS19850,352,353
ultimateORFS4410,617,618,652,653,654
ultimateORFS15449,586,587,588,589
ultimateORFS2152,1035,1039
ultimateORFS18919,155,156
ultimateORFS8086,768
ultimateORFS13654,155
ultimateORFS8573,403
ultimateORFS1536,372,373,375,376
ultimateORFS4905,119
ultimateORFS8813,177,178,179
ultimateORFS5822,487,538,539,540,554
ultimateORFS6816,166,167,175
ultimateORFS5149,109
ultimateORFS19421,185,186,187,188,189,259
ultimateORFS19795,87
ultimateORFS4216,521,522,572
ultimateORFS12393,1205,1206
ultimateORFS5183,591,593,594,738
ultimateORFS4269,221,222
ultimateORFS6160,453
ultimateORFS7983,205,212,213
ultimateORFS10233,223
ultimateORFS4924,431,432
ultimateORFS6426,256,257
ultimateORFS5858,1407,1435,818,819,826,934,993
ultimateORFS19636,184
ultimateORFS3855,1636,1637
ultimateORFS2876,1456,1458,1504,2041,2106,2107,2108
ultimateORFS3668,1030,1237,1238,1239
ultimateORFS7571,233,234
ultimateORFS9333,153
ultimateORFS3613,268
ultimateORFS19200,1224,1225
ultimateORFS8668,514,515,587
ultimateORFS18435,233,234,235,236,237
ultimateORFS8542,127,633
ultimateORFS5947,1411,1443
ultimateORFS16506,1127
ultimateORFS4112,373,374
ultimateORFS19830,166
ultimateORFS6912,1069,616
ultimateORFS18996,696,697,698
ultimateORFS4642,312,313,314,320
ultimateORFS10265,751,797,868
ultimateORFS8557,381
ultimateORFS2957,967,968,969
ultimateORFS5397,286
ultimateORFS3318,289,290,321,387
ultimateORFS14098,597,640,641
ultimateORFS5980,507
ultimateORFS9348,73,74,75
ultimateORFS19660,621,622,623,624
ultimateORFS19392,142,143,1515,639,640,989,990
ultimateORFS3967,223
ultimateORFS4762,731,735
ultimateORFS7357,126
ultimateORFS19619,441,623
ultimateORFS5751,611,612
ultimateORFS6656,1554,1555
ultimateORFS3575,234,235,457,458
ultimateORFS8545,209,210,309,310
ultimateORFS3800,269,279,280,628,629
ultimateORFS13644,765
ultimateORFS15903,1656
ultimateORFS12817,340
ultimateORFS2050,124,188
ultimateORFS13946,137,1584,1585,1586,1587,570,571
ultimateORFS9411,590,591,592,593
ultimateORFS5580,261,262,289
ultimateORFS16832,193,194
ultimateORFS8614,505,515,516
ultimateORFS15874,206,207,208
ultimateORFS13769,808
ultimateORFS14079,292
ultimateORFS4249,1735,285,286,937,938
ultimateORFS8631,200,201,202,203
ultimateORFS10959,146,147,148
ultimateORFS2679,399,427
ultimateORFS5736,440,441,442
ultimateORFS7084,436,716,717
ultimateORFS8600,191
ultimateORFS7430,298
ultimateORFS5952,747,748,749
ultimateORFS19238,2468,2929,2930,2931,2932,2933
ultimateORFS3455,559
ultimateORFS10508,107
ultimateORFS12322,65,66
ultimateORFS18934,75,76,77,78
ultimateORFS4982,433,461,462
ultimateORFS3080,121,122,162,163
ultimateORFS3843,134
ultimateORFS13510,290,291,292,330,331
ultimateORFS3660,1216,1756,1928,1929,1930,1985,2032,2088,2089,2172
ultimateORFS4991,653
ultimateORFS4728,1040,1049,1050,1090,1091,618,619,620
ultimateORFS9464,228
ultimateORFS1470,447,452
ultimateORFS6894,190
ultimateORFS4052,487
ultimateORFS15637,289,290,291,292
ultimateORFS19475,908,909
ultimateORFS11805,4937
ultimateORFS10378,113
ultimateORFS11127,303
ultimateORFS15026,537,538,539
ultimateORFS7081,637,638,639
ultimateORFS9513,225,226,236,423
ultimateORFS7063,271,272,274,275,91
ultimateORFS2401,166
ultimateORFS11587,291
ultimateORFS2517,185,597,659
ultimateORFS1210,883,884,983
ultimateORFS8513,297
ultimateORFS18745,252,253
ultimateORFS4464,355,356
ultimateORFS14592,169,187,188
ultimateORFS3983,1121,1122,1224,1481
ultimateORFS3623,417,716,717
ultimateORFS13597,444,445
ultimateORFS4362,604,605,606,607,608
ultimateORFS16533,641,642,643,718,719
ultimateORFS3683,529,530,531,532
ultimateORFS18952,262,263,264
ultimateORFS6092,1164,1165,1167,1179,847,848,849,850,851
ultimateORFS2522,234,246,249,259
ultimateORFS7740,137,138
ultimateORFS11783,288
ultimateORFS1390,260
ultimateORFS2628,3210,3211,3486,3487
ultimateORFS13897,577
ultimateORFS4101,1087,1088,1089,1090,655,661,662
ultimateORFS5007,631,633,634,635
ultimateORFS9827,507
ultimateORFS3947,157,259,260,261,329,330,360,361,362
ultimateORFS5040,306,307,308
ultimateORFS1254,537,561,614,615
ultimateORFS1305,229,231,232
ultimateORFS4812,224
ultimateORFS1853,1808
ultimateORFS7451,446,447,563,564
ultimateORFS4658,361,362,397,663,695,696,704,705,706
ultimateORFS19430,250,251,252
ultimateORFS1779,436,438,573,585,618,619,620,703,704
ultimateORFS4720,1037,458,523
ultimateORFS10229,303,304
ultimateORFS14050,685,686
ultimateORFS10205,111,112,161
ultimateORFS3168,625,626
ultimateORFS9763,199,226,227,228,608,611,612,984
ultimateORFS16734,1298,1301,1302,1303
ultimateORFS5095,884,929
ultimateORFS15534,175,176
ultimateORFS15096,211
ultimateORFS15741,199
ultimateORFS9059,420
ultimateORFS19460,155,156,279,285,459,460,461,462
ultimateORFS8151,451
ultimateORFS6504,220
ultimateORFS8753,413,414,415,416,417
ultimateORFS19496,220,221,222,224,225
ultimateORFS6163,2695
ultimateORFS7460,211,212
ultimateORFS14732,968
ultimateORFS10254,292,293
ultimateORFS19786,901,979,980,982,983
ultimateORFS5359,1573,1717,1778,1779,1795,1796,1904
ultimateORFS6736,1143,1686,609
ultimateORFS4990,1072,1278,1279,1280,1309,1486,1487,1488,1489,857,858
ultimateORFS3545,526,527
ultimateORFS11950,169,170,171,172,173
ultimateORFS8739,312,314,316
ultimateORFS7585,281,283,528,529,539
ultimateORFS7929,117,62,65
ultimateORFS9362,358,359,360
ultimateORFS8140,296,343,344,346,354,881,882,883,884,885
ultimateORFS5375,609,714,715
ultimateORFS8361,178
ultimateORFS5888,330
ultimateORFS1862,1054,1093,1303,545,546,712,713,714,715,811
ultimateORFS1336,178,363,364,383,384,388
ultimateORFS6466,440,442
ultimateORFS2311,361,427,428
ultimateORFS8353,370,371,372,373,374,550,551,569,570,571
ultimateORFS19216,227
ultimateORFS2862,300,301,302
ultimateORFS11827,257,258,341,915
ultimateORFS1614,310,312,365
ultimateORFS1194,750
ultimateORFS7998,267,268,328,604,605,842,846,847,848
ultimateORFS8420,340,341
ultimateORFS7649,772
ultimateORFS10099,505
ultimateORFS8775,533,534
ultimateORFS8707,1312,1313,1316,1679,1690,1887,1888,1905,780
ultimateORFS12737,292,293,354,355,356,92,94
ultimateORFS5993,1198,1199,1200,1670
ultimateORFS1347,446,550,551,552
ultimateORFS11032,146,387,630
ultimateORFS4064,945
ultimateORFS2097,359,405,408
ultimateORFS11129,556,557,573,574,575,676,677
ultimateORFS6348,149
ultimateORFS16293,303
ultimateORFS6406,259,260,305
ultimateORFS16768,127
ultimateORFS3821,590
ultimateORFS8240,110,111,112,113
ultimateORFS8598,459,460,462,463
ultimateORFS5964,180
ultimateORFS14137,979,980
ultimateORFS15730,359,360
ultimateORFS7784,315
ultimateORFS9329,327,328
ultimateORFS19488,100,101,102,103,2082,2083,2254,245,2721,2722,2723,2724,2725,3085,3086,3087,3708,3709,3710,3711,3764,412,4134,720,99
ultimateORFS19040,292,293
ultimateORFS12904,113,114,115
ultimateORFS12257,442,446
ultimateORFS12138,733,734
ultimateORFS10434,193,235
ultimateORFS6389,102,103,104,1060,490,491,525
ultimateORFS6305,364,432
ultimateORFS2103,106
ultimateORFS11040,233,234,691,693,86,87,88,89,90
ultimateORFS8623,371,374,405
ultimateORFS9400,388,389,390
ultimateORFS16813,137
ultimateORFS4562,130,131
ultimateORFS7254,151,187
ultimateORFS3705,131,132,399
ultimateORFS19812,79,80
ultimateORFS8305,1044
ultimateORFS4921,296
ultimateORFS19665,423,424,425,715,716,717,718
ultimateORFS6645,696
ultimateORFS19134,291
ultimateORFS3497,166,167,168,169,170,281,282,283
ultimateORFS4046,691,692,693,694,695,696
ultimateORFS10345,469,490,491
ultimateORFS12334,1042
ultimateORFS19256,1557,1558,1561,1751
ultimateORFS2793,1313,1314
ultimateORFS19087,71,72,73
ultimateORFS9095,403,404,405,406,530
ultimateORFS4831,367,381
ultimateORFS8735,1069,350,843,947
ultimateORFS4950,293,294,524,525,570
ultimateORFS4315,622
ultimateORFS2274,432,617
ultimateORFS7447,181
ultimateORFS4060,197
ultimateORFS14204,79
ultimateORFS19020,1215,1216,1250,1251,358
ultimateORFS2564,365
ultimateORFS3202,199
ultimateORFS14023,263,340
ultimateORFS19008,101,284,285
ultimateORFS15962,333
ultimateORFS11253,181,182
ultimateORFS3650,3769,4060,4061,4171,4172
ultimateORFS3179,245
ultimateORFS6435,634
ultimateORFS1326,370
ultimateORFS14631,106,99
ultimateORFS11546,434,477,478
ultimateORFS19826,269,459,460,461,462,533,534,535,536,537
ultimateORFS13045,854,986
ultimateORFS13555,270,586,587
ultimateORFS6023,168,199,200,201,231,232,233,235
ultimateORFS17515,1914,1915
ultimateORFS4760,1133,1134,1261,1262,1265
ultimateORFS19358,269
ultimateORFS6862,258,259,261
ultimateORFS18542,314,315
ultimateORFS5572,421,422
ultimateORFS7221,1434,1435
ultimateORFS12356,509
ultimateORFS6343,78
ultimateORFS13661,266,267,268,708
ultimateORFS19529,61,72
ultimateORFS7635,840,875,876,877,878
ultimateORFS5984,186,187
ultimateORFS16508,731,786
ultimateORFS8704,287
ultimateORFS3968,920
ultimateORFS12371,1754,1755
ultimateORFS1239,1282
ultimateORFS16903,345,346,377,378
ultimateORFS13983,94,95
ultimateORFS9444,344
ultimateORFS19843,770,771,772,773,774,835,836,90,91,92
ultimateORFS7045,242
ultimateORFS19029,679
ultimateORFS15816,105
ultimateORFS19253,108
ultimateORFS5390,282,283,285
ultimateORFS4273,516,791,837
ultimateORFS19376,360,361
ultimateORFS3679,1043,1045,1049
ultimateORFS1355,1587,1588,1815
ultimateORFS4823,597,598
ultimateORFS8519,133,135,213,214,80,81
ultimateORFS7503,1509
ultimateORFS11206,950,952
ultimateORFS15105,400,659,660,661,662
ultimateORFS16576,117,284,285
ultimateORFS5830,952,953,984,985,986
ultimateORFS13500,276,279
ultimateORFS16760,106,107,108,109
ultimateORFS19380,262
ultimateORFS19148,283,284
ultimateORFS9355,1134,1135
ultimateORFS15352,197,198,199
ultimateORFS8713,323,324,325
ultimateORFS9294,122
ultimateORFS2018,287,288,289
ultimateORFS19236,203,204
ultimateORFS6865,221,222,397,398,399,682,685
ultimateORFS8675,411,470,471,847
ultimateORFS1212,196,197
ultimateORFS8278,429
ultimateORFS9154,3706
ultimateORFS8584,517
ultimateORFS19021,578,579,580
ultimateORFS7044,102,103,104,105
ultimateORFS7950,104,324,374
ultimateORFS10201,575,576
ultimateORFS7267,604
ultimateORFS1820,197,317
ultimateORFS8436,802
ultimateORFS3074,722,723
ultimateORFS12932,1206,1207
ultimateORFS5039,607,610,611,612,862,864,867
ultimateORFS5757,204,449,603
ultimateORFS19844,203,204,205
ultimateORFS19761,1431,1911,1912,1915,2003,438
ultimateORFS8282,1613,804,805
ultimateORFS3514,1019
ultimateORFS1103,421
ultimateORFS10590,1163,1164
ultimateORFS3003,862,863,864,865,866
ultimateORFS17474,203,204,205
ultimateORFS19291,164,165,166,167,383,384,385
ultimateORFS15470,268,269,270
ultimateORFS4666,1288,1592,539,540,541
ultimateORFS13965,1282
ultimateORFS18848,158,159,160,161
ultimateORFS4844,828,835,836,893,981,982,983
ultimateORFS19701,448,449,450
ultimateORFS13634,258
ultimateORFS14113,138
ultimateORFS4268,533
ultimateORFS12363,284
ultimateORFS16101,354,355
ultimateORFS18969,295,296,297,302,303,304
ultimateORFS14046,112,113,114,772
ultimateORFS8724,177,178,236,237
ultimateORFS5166,133,134,162,164,165
ultimateORFS10297,224,229,230,231,232,233,735,736
ultimateORFS3890,1128,1129,944
ultimateORFS1927,1000,1217,1218,999
ultimateORFS1915,307,308
ultimateORFS16472,503
ultimateORFS18908,348
ultimateORFS13484,226
ultimateORFS7704,1931,1932,1933,1934,279,280
ultimateORFS1967,1409,1411
ultimateORFS16859,176
ultimateORFS19818,411,412
ultimateORFS11966,609
ultimateORFS4830,1383,1384,1385
ultimateORFS7050,1266,1267,1268
ultimateORFS2924,181,185,186,304
ultimateORFS19230,98
ultimateORFS5179,169,170,171
ultimateORFS9466,142,275
ultimateORFS5283,134,135,137,421,422
ultimateORFS16154,804,805,806
ultimateORFS11122,284,285
ultimateORFS1047,672
ultimateORFS19397,156,157
ultimateORFS3523,485,486
ultimateORFS18579,411,412,413,414,415,633,634,635
ultimateORFS11023,156,229,230
ultimateORFS16292,512,513,676,677
ultimateORFS16648,1016,1017,1246,1955,1956,1957
ultimateORFS4481,330
ultimateORFS12719,693
ultimateORFS4732,655,656,657
ultimateORFS8547,332
ultimateORFS2225,2197,2198,2199,2200,2210,2211,2212,2306,651
ultimateORFS9398,430,431,432
ultimateORFS7534,3424
ultimateORFS4041,307,313,314
ultimateORFS6387,322
ultimateORFS18319,1007,1008,402,441,442,443,444,445
ultimateORFS3530,184
ultimateORFS5744,298
ultimateORFS19190,363,364
ultimateORFS19777,1118,1215,1216
ultimateORFS8582,409,410,411,413,672,758,759,760,761
ultimateORFS16561,73,74,75
ultimateORFS7868,261
ultimateORFS7404,501,519,520,521
ultimateORFS3144,237,238,239,258
ultimateORFS5129,459
ultimateORFS5003,122
ultimateORFS8581,1697,1701,2696,2697,2698,394
ultimateORFS8527,1056,1057,1058,400,789,790,843,879,880
ultimateORFS9260,926,927,928,929
ultimateORFS19133,572,674,675,676
ultimateORFS13914,414
ultimateORFS3460,109
ultimateORFS1067,1027,1028,998
ultimateORFS8563,285
ultimateORFS10242,134
ultimateORFS15977,1595,442
ultimateORFS1661,196,197
ultimateORFS19090,89,90,91,92
ultimateORFS7052,1054
ultimateORFS4820,1075,1076,1077,1078,1079,1095
ultimateORFS13470,202,221
ultimateORFS9574,300,301,611,612,686,687
ultimateORFS7663,1175,778,923,925
ultimateORFS8518,115
ultimateORFS19451,78,79,80,81
ultimateORFS3850,683,685,686,835,836,837
ultimateORFS1401,1698
ultimateORFS1400,589,592,750,751,752,753
ultimateORFS4739,591,592,612,613,614
ultimateORFS10108,139
ultimateORFS3375,1352,1353,1424,1425
ultimateORFS3645,769
ultimateORFS4388,1346,1347,1348,1411,1412
ultimateORFS12369,304,305,306
ultimateORFS2331,506
ultimateORFS16604,62,63
ultimateORFS6386,628,629,636,637,809
ultimateORFS9419,204,205,206
ultimateORFS12832,997
ultimateORFS19175,111,112,113,162,274
ultimateORFS10655,157,158,1961,683,795
ultimateORFS9941,127
ultimateORFS15504,163,164
ultimateORFS19807,122,123,124
ultimateORFS16399,416,417,418,77,78
ultimateORFS6194,587,601,602
ultimateORFS10634,126
ultimateORFS2333,2179
ultimateORFS4626,1527,1528,1564,1565,1990,2040,2095,2096,2097,2125
ultimateORFS19808,353,354
ultimateORFS16555,242,243,244
ultimateORFS3784,763
ultimateORFS16128,502,503,504
ultimateORFS1439,256
ultimateORFS19215,2287,2288,2289,2290
ultimateORFS2860,325
ultimateORFS4371,1088,1089,1090,1091,1092,755
ultimateORFS8745,1024,1025,1026,357,395,484,528,530,531,532
ultimateORFS5939,192
ultimateORFS4847,756,757
ultimateORFS9300,394,395
ultimateORFS14084,574,575
ultimateORFS7763,1870,1871
ultimateORFS8662,1390
ultimateORFS14151,156,164,267
ultimateORFS13024,2486,2487
ultimateORFS13936,517,520
ultimateORFS13906,260,261
ultimateORFS5670,380,381,382
ultimateORFS4396,1179,1386,1440,1450,1451,1471,1473,1651,1652,2014,2015,2017,2333,2360,2361,2398,2399,2903,2904,2905,2906,2926,505,816,817,818
ultimateORFS19753,422
ultimateORFS13690,73,85,86,87,88
ultimateORFS8795,534
ultimateORFS8414,1107,1108,1109,1110,1132,1133,1187,1188,1370,783,784,785,786
ultimateORFS16821,458
ultimateORFS15054,113,114,115
ultimateORFS3376,359,787,788,789,882,909
ultimateORFS6850,176,177
ultimateORFS18220,289,290,291,292
ultimateORFS13686,160
ultimateORFS6607,427
ultimateORFS19650,1012,1013,1014,403,404,408,411
ultimateORFS10084,189,190,696,697
ultimateORFS13227,260
ultimateORFS13416,193
ultimateORFS4258,151,152,153
ultimateORFS4710,403,404,405,406,449
ultimateORFS3604,258,259,283,284,287
ultimateORFS5592,182,185,383
ultimateORFS3410,592,593
ultimateORFS7578,1056,266,973
ultimateORFS16478,313,314,315
ultimateORFS4977,598,599,600,602,604,679
ultimateORFS3761,757
ultimateORFS16225,174,175
ultimateORFS7576,181
ultimateORFS11141,345
ultimateORFS14139,173,236,403,404,405
ultimateORFS4514,311
ultimateORFS15911,270,271,272
ultimateORFS5202,113,118
ultimateORFS19883,306,307
ultimateORFS6642,421,422,423,424
ultimateORFS12304,145,461
ultimateORFS13918,1113,982,983
ultimateORFS10258,646
ultimateORFS4005,206,241,272,81,84
ultimateORFS5377,1716,333,334
ultimateORFS4274,1458,1459
ultimateORFS5880,367
ultimateORFS2278,243,340,341,342,343
ultimateORFS5391,502,503
ultimateORFS3639,3787,4519,983
ultimateORFS14144,1891,1892
ultimateORFS18434,226,227,228
ultimateORFS9070,192,193,196,303
ultimateORFS1169,226,232,233
ultimateORFS3999,312,313
ultimateORFS8738,456,473,474,475,476,747,786
ultimateORFS7371,132
ultimateORFS9512,231,232,255,256,257
ultimateORFS16587,1937,1938,1939
ultimateORFS19768,391,392,393,512,513,514,515,549,550,551,650,651,652,85,86,88,89
ultimateORFS8053,279
ultimateORFS8572,781,782
ultimateORFS8051,1737
ultimateORFS7685,867,868
ultimateORFS3272,1310,210,646,647,648
ultimateORFS14624,942,943
ultimateORFS2310,683
ultimateORFS8471,91,92
ultimateORFS12729,600,601,602,603,885,891
ultimateORFS19367,1656,1657,1658,1659,1815,1816,1817,1818,2084,2085,2095,226,508,509,510,511,512,704,705
ultimateORFS5559,617,618,621,622,667,668,669,790,791,807
ultimateORFS13037,385
ultimateORFS12352,255,256,257
ultimateORFS5997,853,854
ultimateORFS5421,1433,1434,1484,1485,895,896,897
ultimateORFS9151,234
ultimateORFS16419,620,622
ultimateORFS2437,1041,1468,1469,1470,1471
ultimateORFS5802,712,713
ultimateORFS12111,1236,1263,1273,195,917
ultimateORFS2929,510,511,513
ultimateORFS18560,169,170
ultimateORFS5606,84
ultimateORFS2577,1028,1029,1030
ultimateORFS15549,1526,1527,1528,714,715
ultimateORFS10167,878
ultimateORFS10371,1366,496,497,498,557,591,592,641,642,768
ultimateORFS11560,148,149,150
ultimateORFS2170,2468,2584,2585,2624
ultimateORFS3858,225
ultimateORFS4574,175,176,177,178,179,347
ultimateORFS1725,176,177
ultimateORFS6067,1189,1190,1204,1440
ultimateORFS11163,293,294,295,412,413
ultimateORFS11114,1099
ultimateORFS15198,286,356
ultimateORFS11041,462,463
ultimateORFS1979,219,220
ultimateORFS7245,873,874
ultimateORFS16181,814,815,817
ultimateORFS19674,122,123,124,125,126
ultimateORFS10121,103,104
ultimateORFS9996,359,360,361,362
ultimateORFS9761,269,314
ultimateORFS2771,786,808,812
ultimateORFS19772,91,92,93
ultimateORFS19635,192,229
ultimateORFS11964,379
ultimateORFS11173,234,360,361,363,364,388,602,603,604,605,856
ultimateORFS14039,488,663,664,665,666,667,873
ultimateORFS3320,985
ultimateORFS3609,193,343,344
ultimateORFS19778,512,513
ultimateORFS6903,794
ultimateORFS9174,1678
ultimateORFS4510,242,243
ultimateORFS16332,1603,1604,240,241,242,243,546,666
ultimateORFS4854,282
ultimateORFS7710,1164,1165,1334
ultimateORFS6658,752,759,796,797
